1 0.07578125 0.27421875 0.0640625 0.07421875
1 0.16484375 0.3234375 0.05390625 0.05703125
1 0.34765625 0.3109375 0.059375 0.0640625
1 0.40390625 0.28828125 0.0484375 0.059375
1 0.29453125 0.24140625 0.04921875 0.04921875
1 0.44296875 0.4859375 0.08125 0.06640625
1 0.47265625 0.28359375 0.03984375 0.0515625
1 0.5234375 0.27890625 0.03515625 0.04453125
1 0.56328125 0.284375 0.0390625 0.05234375
1 0.71328125 0.36015625 0.05625 0.059375
1 0.6578125 0.33984375 0.05546875 0.0546875
1 0.6171875 0.31171875 0.0421875 0.04921875
1 0.75625 0.25546875 0.046875 0.06015625
1 0.890625 0.24921875 0.0515625 0.05703125
1 0.94453125 0.271875 0.04375 0.0640625
2 0.81015625 0.2671875 0.0375 0.03671875