2 0.19609375 0.3078125 0.03984375 0.0390625
2 0.36328125 0.25625 0.03515625 0.03125
2 0.0203125 0.20546875 0.03984375 0.034375
2 0.60625 0.221875 0.03359375 0.03671875
2 0.725 0.1625 0.046875 0.03671875
1 0.11640625 0.29296875 0.05 0.05390625
1 0.47265625 0.21953125 0.0671875 0.06171875
1 0.64609375 0.2015625 0.05078125 0.04609375
1 0.84453125 0.18203125 0.06640625 0.0578125
1 0.71171875 0.30234375 0.03125 0.03125
1 0.94453125 0.32265625 0.0375 0.04609375
1 0.08671875 0.21015625 0.04375 0.040625