1 0.296875 0.4359375 0.1859375 0.18125
1 0.55859375 0.4765625 0.096875 0.0984375
1 0.80859375 0.6140625 0.0890625 0.09375
1 0.88828125 0.609375 0.04375 0.05
1 0.9546875 0.628125 0.05 0.0546875
1 0.74609375 0.56875 0.046875 0.0515625
1 0.73203125 0.50625 0.046875 0.0515625
1 0.47109375 0.35234375 0.0453125 0.0515625
1 0.4765625 0.4296875 0.0671875 0.0734375
1 0.17890625 0.23046875 0.0671875 0.075
1 0.34140625 0.2453125 0.0546875 0.065625
1 0.2734375 0.28828125 0.0578125 0.0625
1 0.2890625 0.203125 0.0421875 0.0453125