1 0.11875 0.53515625 0.0796875 0.1046875
1 0.04609375 0.39296875 0.0609375 0.06875
1 0.24296875 0.41953125 0.071875 0.0875
1 0.3640625 0.465625 0.0671875 0.1046875
1 0.50390625 0.3703125 0.0609375 0.0828125
1 0.55859375 0.459375 0.0703125 0.08125
1 0.67734375 0.6734375 0.140625 0.171875
1 0.81484375 0.55859375 0.1328125 0.175
1 0.94296875 0.453125 0.0671875 0.1125
1 0.9171875 0.21640625 0.0515625 0.06875
1 0.8234375 0.2546875 0.06875 0.0828125
1 0.6859375 0.35859375 0.0796875 0.1078125
1 0.62421875 0.1984375 0.0515625 0.0734375
1 0.47109375 0.215625 0.0328125 0.0625
1 0.35703125 0.17421875 0.0609375 0.075
1 0.23203125 0.234375 0.065625 0.065625
1 0.13515625 0.1765625 0.0640625 0.084375