1 0.06875 0.68671875 0.1375 0.2453125
1 0.2296875 0.58046875 0.128125 0.1421875
1 0.4125 0.50703125 0.11875 0.1140625
1 0.55234375 0.46875 0.146875 0.1703125
1 0.6609375 0.48515625 0.115625 0.1203125
1 0.790625 0.51171875 0.0921875 0.103125
1 0.95390625 0.56953125 0.0921875 0.1109375
1 0.61875 0.9640625 0.16875 0.071875
2 0.33203125 0.353125 0.065625 0.0703125
1 0.97421875 0.3203125 0.0515625 0.08125
2 0.753125 0.20859375 0.071875 0.0640625
1 0.55 0.103125 0.0453125 0.0453125
1 0.92734375 0.33203125 0.0640625 0.075