1 0.4578125 0.1953125 0.05625 0.0578125
1 0.2046875 0.65234375 0.1921875 0.2015625
1 0.42421875 0.6234375 0.1203125 0.13125
1 0.62578125 0.67109375 0.128125 0.1359375
1 0.86796875 0.35703125 0.0578125 0.0578125
1 0.7421875 0.24921875 0.0546875 0.053125
1 0.6640625 0.190625 0.0484375 0.046875
1 0.5890625 0.12109375 0.05 0.05625
1 0.5453125 0.2484375 0.065625 0.0640625
1 0.61171875 0.43203125 0.06875 0.0703125
2 0.46875 0.44921875 0.0671875 0.06875
2 0.7828125 0.321875 0.0546875 0.0578125
2 0.8765625 0.5328125 0.053125 0.0546875
1 0.08046875 0.6359375 0.09375 0.09375