1 0.20078125 0.4234375 0.2015625 0.2421875
1 0.1359375 0.69921875 0.1890625 0.196875
1 0.02578125 0.45546875 0.0515625 0.0984375
1 0.159375 0.2140625 0.0953125 0.1109375
1 0.3703125 0.375 0.125 0.1390625
1 0.6671875 0.615625 0.128125 0.1453125
1 0.5578125 0.42890625 0.140625 0.1515625
1 0.70234375 0.30390625 0.1375 0.159375
1 0.61015625 0.02578125 0.0734375 0.0515625
1 0.76015625 0.05390625 0.1296875 0.1078125
1 0.496875 0.03671875 0.065625 0.0734375
1 0.384375 0.06484375 0.0734375 0.0890625
1 0.4921875 0.25078125 0.103125 0.1109375
1 0.40703125 0.2828125 0.1 0.1203125