1 0.3734375 0.44921875 0.0828125 0.175
1 0.3765625 0.2375 0.08125 0.12578125
1 0.66015625 0.6890625 0.0734375 0.13984375
1 0.5953125 0.525 0.0671875 0.1421875
0 0.26796875 0.2390625 0.040625 0.0703125
2 0.94453125 0.4875 0.04453125 0.0953125
1 0.8921875 0.33359375 0.0265625 0.065625
2 0.93359375 0.36015625 0.03828125 0.0828125
1 0.94296875 0.903125 0.09140625 0.19375
2 0.51328125 0.21953125 0.04921875 0.075
2 0.7578125 0.1921875 0.0453125 0.090625
2 0.95234375 0.1984375 0.04921875 0.08125
1 0.69921875 0.253125 0.0515625 0.0703125
2 0.0890625 0.24140625 0.03671875 0.0625
2 0.57578125 0.39453125 0.03984375 0.084375