1 0.12890625 0.5 0.1203125 0.1171875
1 0.3375 0.4625 0.1015625 0.103125
1 0.5890625 0.4765625 0.1015625 0.1046875
1 0.50546875 0.30625 0.084375 0.0921875
1 0.40546875 0.0828125 0.06875 0.071875
1 0.640625 0.3078125 0.0640625 0.0734375
1 0.73671875 0.3453125 0.0953125 0.0953125
1 0.92578125 0.33515625 0.065625 0.0734375
1 0.99453125 0.23984375 0.0109375 0.0546875
1 0.72421875 0.15546875 0.046875 0.0453125
1 0.64765625 0.090625 0.0375 0.0390625
1 0.60625 0.04296875 0.0359375 0.0359375
1 0.95078125 0.21328125 0.04375 0.046875
2 0.88203125 0.28359375 0.046875 0.04375
1 0.4546875 0.05390625 0.0578125 0.0625