1 0.14140625 0.3640625 0.0203125 0.0265625
1 0.07421875 0.4734375 0.028125 0.03125
1 0.0203125 0.49765625 0.025 0.03125
1 0.1390625 0.49375 0.028125 0.0328125
1 0.2828125 0.409375 0.01875 0.025
1 0.26171875 0.68046875 0.021875 0.0375
1 0.3 0.62109375 0.025 0.0375
1 0.37265625 0.4921875 0.01875 0.034375
1 0.31953125 0.8921875 0.0375 0.04375
1 0.4140625 0.81953125 0.0328125 0.040625
1 0.38203125 0.803125 0.0296875 0.03125
1 0.384375 0.70625 0.0359375 0.0390625
1 0.3671875 0.36640625 0.0234375 0.03125
1 0.396875 0.27265625 0.0296875 0.034375
1 0.35859375 0.15625 0.0234375 0.0234375
1 0.3 0.0765625 0.0203125 0.0234375
1 0.33671875 0.04921875 0.0234375 0.0234375
1 0.48359375 0.6609375 0.03125 0.0390625
1 0.47109375 0.60546875 0.025 0.0296875
1 0.45859375 0.46328125 0.03125 0.0390625
1 0.11015625 0.13984375 0.021875 0.03125
1 0.61953125 0.5828125 0.03125 0.03125
1 0.72578125 0.63125 0.0359375 0.0359375
1 0.61171875 0.88828125 0.040625 0.0375
1 0.6515625 0.9796875 0.034375 0.040625
1 0.92890625 0.9703125 0.0390625 0.046875
1 0.96171875 0.93671875 0.028125 0.0421875
1 0.97734375 0.7140625 0.025 0.040625
1 0.9828125 0.6171875 0.025 0.034375
1 0.9296875 0.40703125 0.0265625 0.034375
1 0.8671875 0.31328125 0.0265625 0.028125
1 0.903125 0.2859375 0.028125 0.0234375
1 0.8296875 0.22734375 0.0375 0.025
1 0.909375 0.209375 0.03125 0.0359375
1 0.97734375 0.34140625 0.01875 0.0234375
1 0.88515625 0.13828125 0.0234375 0.0234375
1 0.92890625 0.13515625 0.015625 0.0203125
1 0.63515625 0.41640625 0.03125 0.0265625
1 0.5671875 0.3953125 0.021875 0.0375
1 0.51484375 0.3734375 0.0234375 0.028125
1 0.484375 0.32265625 0.028125 0.0296875
1 0.51875 0.48828125 0.0203125 0.0265625
1 0.54375 0.21171875 0.021875 0.028125
1 0.590625 0.040625 0.021875 0.0234375
1 0.47421875 0.0328125 0.01875 0.0203125
1 0.54140625 0.08203125 0.0203125 0.0265625
1 0.35546875 0.0125 0.01875 0.01875
1 0.43359375 0.16015625 0.021875 0.0265625
1 0.590625 0.35625 0.0234375 0.03125
1 0.59765625 0.29296875 0.0203125 0.028125
1 0.67578125 0.29765625 0.021875 0.028125
1 0.70546875 0.40859375 0.01875 0.0203125
1 0.7703125 0.4375 0.025 0.0328125
1 0.75234375 0.5125 0.0328125 0.0421875
1 0.7328125 0.46953125 0.0296875 0.03125
1 0.921875 0.3390625 0.025 0.03125
1 0.2453125 0.25 0.025 0.03125
2 0.159375 0.2578125 0.021875 0.0296875
1 0.67109375 0.15546875 0.0234375 0.0203125
1 0.7609375 0.178125 0.0234375 0.0265625
2 0.6953125 0.12734375 0.0171875 0.0203125
2 0.11015625 0.61796875 0.0296875 0.034375
2 0.15625 0.70390625 0.03125 0.034375
2 0.303125 0.4765625 0.0296875 0.0328125
2 0.79296875 0.1015625 0.015625 0.021875
2 0.90234375 0.03984375 0.01875 0.0234375
2 0.73046875 0.0859375 0.0140625 0.0203125