1 0.46015625 0.478125 0.090625 0.1046875
1 0.73671875 0.3640625 0.1234375 0.1328125
1 0.4984375 0.3890625 0.075 0.0875
1 0.47734375 0.24375 0.0703125 0.09375
1 0.37734375 0.25 0.059375 0.0671875
1 0.33515625 0.47265625 0.06875 0.0734375
1 0.27421875 0.640625 0.090625 0.10625
1 0.17890625 0.725 0.1 0.121875
1 0.4890625 0.83828125 0.128125 0.146875
1 0.15703125 0.56484375 0.0640625 0.078125
1 0.23828125 0.3421875 0.0453125 0.05625
1 0.08671875 0.3859375 0.0515625 0.0578125
1 0.12109375 0.4875 0.04375 0.05625
1 0.0625 0.4875 0.0578125 0.071875
1 0.140625 0.31875 0.04375 0.0546875
1 0.56875 0.31484375 0.065625 0.071875
1 0.328125 0.60078125 0.0765625 0.090625
0 0.234375 0.4484375 0.0609375 0.071875