1 0.18359375 0.4375 0.0671875 0.0671875
1 0.02109375 0.4875 0.0421875 0.078125
1 0.040625 0.32734375 0.0546875 0.053125
1 0.1828125 0.21328125 0.0390625 0.040625
1 0.25078125 0.246875 0.0640625 0.0609375
1 0.25859375 0.1703125 0.05 0.0484375
1 0.321875 0.14453125 0.0546875 0.0515625
1 0.446875 0.375 0.0859375 0.0875
1 0.49140625 0.24609375 0.078125 0.078125
1 0.46640625 0.10390625 0.0546875 0.0515625
1 0.5 0.01015625 0.04375 0.0203125
1 0.359375 0.0546875 0.0328125 0.0296875
2 0.3875 0.11328125 0.03125 0.0296875
2 0.45703125 0.040625 0.040625 0.0375