1 0.69375 0.51953125 0.15 0.1453125
1 0.784375 0.65 0.1125 0.121875
1 0.0765625 0.740625 0.153125 0.190625
1 0.559375 0.359375 0.146875 0.1578125
2 0.29140625 0.62734375 0.1546875 0.134375
2 0.1 0.32421875 0.115625 0.109375
2 0.4109375 0.059375 0.0890625 0.0890625
2 0.28359375 0.02109375 0.0796875 0.0421875
2 0.77734375 0.22421875 0.0890625 0.084375
2 0.66328125 0.3234375 0.071875 0.075
2 0.97421875 0.34609375 0.0515625 0.0578125
1 0.3515625 0.01484375 0.078125 0.0296875
2 0.5890625 0.17265625 0.0796875 0.084375