1 0.03828125 0.59140625 0.0765625 0.0984375
1 0.128125 0.5734375 0.078125 0.078125
1 0.2625 0.44921875 0.0859375 0.0875
1 0.2921875 0.39609375 0.075 0.0765625
1 0.17734375 0.428125 0.06875 0.06875
1 0.446875 0.525 0.1046875 0.103125
1 0.3421875 0.34921875 0.0640625 0.065625
1 0.37890625 0.31328125 0.0546875 0.05625
1 0.41328125 0.29296875 0.0640625 0.065625
1 0.578125 0.25703125 0.08125 0.08125
1 0.521875 0.2765625 0.078125 0.078125
1 0.47265625 0.2796875 0.0640625 0.0640625
1 0.5453125 0.1484375 0.075 0.0765625
1 0.64609375 0.059375 0.0765625 0.0765625
1 0.7015625 0.04296875 0.075 0.0765625
2 0.59453125 0.12421875 0.0515625 0.0515625