1 0.3203125 0.23203125 0.059375 0.059375
1 0.15546875 0.1390625 0.075 0.0671875
1 0.296875 0.053125 0.0484375 0.0484375
1 0.47890625 0.07265625 0.034375 0.0359375
1 0.503125 0.14453125 0.059375 0.053125
1 0.5625 0.09609375 0.0453125 0.0421875
1 0.625 0.12265625 0.0515625 0.04375
1 0.55078125 0.3734375 0.075 0.0796875
1 0.6734375 0.3140625 0.071875 0.06875
1 0.75625 0.19609375 0.0515625 0.0453125
1 0.8546875 0.14609375 0.0375 0.040625
1 0.715625 0.08515625 0.03125 0.025
2 0.69375 0.146875 0.028125 0.0265625
2 0.79453125 0.14453125 0.0375 0.0328125
2 0.98046875 0.18359375 0.0359375 0.0390625