1 0.4015625 0.40546875 0.1421875 0.19375
1 0.48359375 0.21015625 0.121875 0.146875
1 0.57734375 0.73515625 0.1203125 0.1578125
1 0.57890625 0.55859375 0.115625 0.15625
0 0.3828125 0.17109375 0.0640625 0.0796875
2 0.9171875 0.6546875 0.0765625 0.1046875
1 0.92578125 0.49296875 0.0484375 0.0703125
2 0.9546875 0.5328125 0.0671875 0.090625
1 0.75859375 0.96640625 0.1578125 0.0671875
2 0.6171875 0.2453125 0.0734375 0.0875
2 0.8546875 0.3109375 0.0765625 0.1015625
1 0.77734375 0.34609375 0.0734375 0.084375
2 0.215625 0.10625 0.0578125 0.071875
2 0.61015625 0.43046875 0.06875 0.09375