1 0.54921875 0.88046875 0.0328125 0.03046875
1 0.64765625 0.834375 0.03125 0.03125
1 0.75546875 0.9203125 0.0390625 0.04453125
1 0.9109375 0.81484375 0.034375 0.0328125
1 0.94453125 0.78828125 0.0328125 0.02421875
1 0.94453125 0.6140625 0.02265625 0.02890625
1 0.9453125 0.5421875 0.0265625 0.0265625
1 0.69921875 0.5625 0.02890625 0.02421875
1 0.6046875 0.765625 0.0328125 0.03203125
1 0.596875 0.5265625 0.02421875 0.028125
1 0.47265625 0.596875 0.028125 0.02734375
1 0.4546875 0.55234375 0.02265625 0.02890625
1 0.37578125 0.6328125 0.0296875 0.02890625
1 0.38125 0.7046875 0.02109375 0.03125
1 0.4125 0.71875 0.0328125 0.0328125
1 0.32578125 0.7828125 0.03203125 0.02890625
1 0.246875 0.95625 0.0328125 0.03828125
1 0.41328125 0.9421875 0.0328125 0.03125
1 0.259375 0.61796875 0.0203125 0.03125
1 0.290625 0.5703125 0.02890625 0.025
1 0.0171875 0.4859375 0.02265625 0.028125
1 0.071875 0.4703125 0.01953125 0.01875
1 0.13046875 0.478125 0.02578125 0.0265625
1 0.1296875 0.3765625 0.02265625 0.02265625
1 0.2625 0.40625 0.02265625 0.02421875
1 0.34453125 0.37265625 0.01953125 0.0234375
1 0.36953125 0.3 0.0234375 0.0265625
1 0.39921875 0.2109375 0.01875 0.01953125
1 0.32578125 0.2109375 0.01875 0.02734375
1 0.08984375 0.20390625 0.0171875 0.0265625
1 0.3 0.12421875 0.0140625 0.015625
1 0.26484375 0.1484375 0.0171875 0.01640625
1 0.3171875 0.09921875 0.01328125 0.0171875
1 0.43125 0.11015625 0.01875 0.02265625
1 0.39375 0.0734375 0.0125 0.01640625
1 0.35 0.06328125 0.01328125 0.0171875
1 0.49765625 0.14453125 0.0171875 0.02421875
1 0.45546875 0.3328125 0.0171875 0.02265625
1 0.48515625 0.3703125 0.0171875 0.02421875
1 0.5390625 0.384375 0.02265625 0.02890625
1 0.56171875 0.303125 0.015625 0.01640625
1 0.5578125 0.3546875 0.01640625 0.0203125
1 0.603125 0.403125 0.02109375 0.01875
1 0.67109375 0.39296875 0.01875 0.0203125
1 0.7171875 0.4671875 0.02578125 0.02265625
1 0.696875 0.4390625 0.0265625 0.02109375
1 0.7296875 0.40859375 0.02578125 0.02421875
1 0.88359375 0.37890625 0.02265625 0.02265625
1 0.81796875 0.3125 0.0171875 0.0203125
1 0.775 0.2453125 0.01796875 0.01875
1 0.85625 0.2328125 0.0265625 0.0203125
1 0.85078125 0.2875 0.015625 0.02265625
1 0.925 0.3296875 0.02265625 0.01953125
1 0.915625 0.4390625 0.0203125 0.02421875
1 0.87109375 0.171875 0.015625 0.0171875
1 0.82734375 0.1765625 0.01953125 0.02421875
1 0.8953125 0.07578125 0.01796875 0.02109375
1 0.62265625 0.1953125 0.02109375 0.02109375
1 0.54140625 0.11328125 0.01796875 0.01875
1 0.50703125 0.24609375 0.02265625 0.0171875
1 0.87421875 0.328125 0.02734375 0.028125
1 0.49609375 0.46171875 0.01953125 0.025
1 0.35546875 0.46484375 0.028125 0.0328125
1 0.43359375 0.440625 0.021875 0.02890625
2 0.16171875 0.640625 0.025 0.0234375
2 0.1125 0.57578125 0.02578125 0.02734375
2 0.28671875 0.45546875 0.02578125 0.028125
2 0.13984375 0.2953125 0.02265625 0.01875
2 0.2671875 0.2984375 0.0234375 0.02734375
2 0.346875 0.24921875 0.0203125 0.02265625
2 0.3046875 0.27421875 0.02109375 0.0234375
2 0.64453125 0.1734375 0.01875 0.015625
1 0.7109375 0.20703125 0.01796875 0.02109375
2 0.7390625 0.15 0.0171875 0.02734375