1 0.08984375 0.2 0.0671875 0.071875
1 0.284375 0.38984375 0.0703125 0.071875
1 0.11484375 0.74296875 0.0796875 0.084375
1 0.03828125 0.83984375 0.0765625 0.1171875
1 0.1671875 0.6625 0.046875 0.0703125
1 0.35078125 0.9328125 0.0703125 0.0796875
1 0.56328125 0.8015625 0.0890625 0.1046875
1 0.50625 0.7125 0.0578125 0.059375
1 0.509375 0.315625 0.0640625 0.075
1 0.51171875 0.1140625 0.0796875 0.0890625
1 0.28359375 0.1 0.0625 0.0765625
1 0.678125 0.13125 0.06875 0.0859375
1 0.771875 0.12890625 0.0734375 0.0765625
1 0.8484375 0.053125 0.053125 0.0546875
1 0.9125 0.2203125 0.084375 0.096875
1 0.65078125 0.403125 0.0703125 0.0703125
1 0.93203125 0.59453125 0.08125 0.090625
1 0.04453125 0.153125 0.0390625 0.0625