1 0.121875 0.5609375 0.028125 0.03125
1 0.11796875 0.68984375 0.0375 0.0390625
1 0.08359375 0.7375 0.034375 0.0375
1 0.184375 0.675 0.0375 0.0390625
1 0.26640625 0.53046875 0.0265625 0.0296875
1 0.384375 0.77578125 0.034375 0.0421875
1 0.38671875 0.7046875 0.0375 0.04375
1 0.3859375 0.55703125 0.0296875 0.0375
1 0.53984375 0.9296875 0.0515625 0.053125
1 0.5859375 0.81953125 0.0453125 0.0484375
1 0.54921875 0.82109375 0.0390625 0.040625
1 0.503125 0.7359375 0.046875 0.0484375
1 0.31796875 0.45078125 0.0328125 0.0375
1 0.296875 0.3546875 0.040625 0.0421875
1 0.20546875 0.27265625 0.0296875 0.0296875
1 0.11484375 0.2328125 0.0265625 0.028125
1 0.13359375 0.19140625 0.0296875 0.0296875
1 0.56640625 0.64765625 0.0421875 0.046875
1 0.52734375 0.60625 0.034375 0.0375
1 0.44609375 0.4890625 0.04375 0.046875
1 0.64453125 0.5125 0.040625 0.040625
1 0.7609375 0.50078125 0.0453125 0.0453125
1 0.79140625 0.78046875 0.0515625 0.05
1 0.871875 0.840625 0.0484375 0.0515625
1 0.9765625 0.36015625 0.0359375 0.040625
1 0.82578125 0.2046875 0.0375 0.040625
1 0.725 0.1546875 0.034375 0.0359375
1 0.7421875 0.1125 0.034375 0.0328125
1 0.64921875 0.0984375 0.0421875 0.0359375
1 0.709375 0.04375 0.0421875 0.04375
1 0.834375 0.1234375 0.0265625 0.028125
1 0.65234375 0.0046875 0.0296875 0.009375
1 0.575 0.36015625 0.0390625 0.0359375
1 0.50625 0.37578125 0.034375 0.040625
1 0.44921875 0.3828125 0.03125 0.034375
1 0.39765625 0.35390625 0.0375 0.0375
1 0.51015625 0.48046875 0.028125 0.03125
1 0.39453125 0.22890625 0.03125 0.0328125
1 0.34921875 0.05703125 0.028125 0.028125
1 0.24453125 0.10859375 0.0234375 0.025
1 0.3265625 0.1171875 0.028125 0.03125
1 0.13125 0.15 0.0234375 0.0234375
1 0.27265625 0.2390625 0.03125 0.0328125
1 0.50625 0.33046875 0.0328125 0.0359375
1 0.48125 0.271875 0.0296875 0.0328125
1 0.55078125 0.2375 0.03125 0.0328125
1 0.63203125 0.31796875 0.0234375 0.025
1 0.70234375 0.3109375 0.034375 0.0390625
1 0.72421875 0.384375 0.046875 0.05
1 0.68671875 0.35703125 0.0390625 0.040625
1 0.784375 0.15 0.0359375 0.0375
1 0.1546875 0.41015625 0.0359375 0.0375
2 0.08359375 0.46015625 0.03125 0.0359375
1 0.47578125 0.115625 0.028125 0.0265625
1 0.56484375 0.090625 0.03125 0.0328125
2 0.4828125 0.0796875 0.0234375 0.0234375
2 0.221875 0.796875 0.040625 0.0421875
2 0.30390625 0.8484375 0.0421875 0.04375
2 0.31796875 0.578125 0.0390625 0.040625
2 0.5546875 0.0109375 0.021875 0.021875
2 0.4921875 0.02578125 0.0203125 0.0234375