1 0.41328125 0.053125 0.1421875 0.10625
1 0.2875 0.2578125 0.134375 0.140625
1 0.3609375 0.37109375 0.1328125 0.140625
1 0.04609375 0.4859375 0.0921875 0.15
1 0.14375 0.64609375 0.1359375 0.1359375
1 0.43125 0.62265625 0.1609375 0.1703125
1 0.29765625 0.86484375 0.1703125 0.178125
1 0.5359375 0.86875 0.1453125 0.15625
1 0.54140625 0.61953125 0.1234375 0.1328125
1 0.52109375 0.97578125 0.1484375 0.0484375
1 0.703125 0.790625 0.165625 0.1703125
1 0.7484375 0.93359375 0.14375 0.1328125
1 0.92421875 0.71328125 0.1171875 0.1359375
1 0.88203125 0.54140625 0.1578125 0.171875