1 0.01953125 0.54921875 0.0390625 0.0796875
1 0.103125 0.45234375 0.071875 0.0734375
1 0.175 0.41796875 0.0609375 0.0671875
1 0.290625 0.33046875 0.0625 0.0671875
1 0.3265625 0.30234375 0.04375 0.046875
1 0.353125 0.27734375 0.0359375 0.0390625
1 0.3984375 0.30234375 0.0671875 0.0703125
1 0.49609375 0.3390625 0.0984375 0.096875
1 0.61015625 0.296875 0.1109375 0.1140625
1 0.6671875 0.20703125 0.096875 0.103125
1 0.609375 0.0765625 0.071875 0.075
1 0.84296875 0.2453125 0.1546875 0.1515625
2 0.50546875 0.1734375 0.0734375 0.0765625