1 0.128125 0.6515625 0.046875 0.0640625
1 0.0421875 0.5734375 0.0578125 0.071875
1 0.2125 0.534375 0.0703125 0.0703125
1 0.39765625 0.48984375 0.0734375 0.0828125
1 0.32890625 0.53515625 0.0515625 0.053125
1 0.48984375 0.65234375 0.1 0.10625
1 0.87421875 0.59375 0.1921875 0.2453125
1 0.684375 0.47578125 0.0515625 0.05625
1 0.5875 0.45625 0.0390625 0.053125
1 0.61953125 0.37734375 0.0328125 0.0359375
1 0.9703125 0.646875 0.059375 0.103125
1 0.0984375 0.475 0.025 0.028125
1 0.23359375 0.41171875 0.021875 0.0296875
1 0.21171875 0.45 0.03125 0.0359375