1 0.66484375 0.39609375 0.1375 0.1296875
1 0.81640625 0.44296875 0.0984375 0.1125
1 0.303125 0.9359375 0.165625 0.128125
1 0.46015625 0.353125 0.1296875 0.1453125
2 0.4140625 0.728125 0.146875 0.1140625
2 0.0765625 0.60703125 0.10625 0.096875
2 0.15859375 0.2078125 0.08125 0.0796875
2 0.02890625 0.240625 0.0578125 0.075
2 0.5484375 0.11171875 0.08125 0.075
2 0.5203125 0.26015625 0.0640625 0.06875
2 0.78203125 0.08359375 0.05625 0.0515625
1 0.06953125 0.18984375 0.0703125 0.071875
2 0.36875 0.1875 0.0703125 0.078125