1 0.4703125 0.909375 0.15625 0.153125
1 0.7296875 0.884375 0.1078125 0.1125
1 0.771875 0.74375 0.08125 0.1078125
1 0.6625 0.5453125 0.090625 0.10625
1 0.759375 0.478125 0.0734375 0.08125
1 0.5703125 0.51171875 0.0921875 0.103125
1 0.5 0.65 0.075 0.0875
1 0.3859375 0.56640625 0.090625 0.1046875
1 0.45703125 0.47734375 0.08125 0.0859375
1 0.3453125 0.41015625 0.0734375 0.06875
1 0.1765625 0.73984375 0.084375 0.1078125
1 0.1703125 0.36875 0.0546875 0.0609375
1 0.83984375 0.43828125 0.0828125 0.0625
1 0.50078125 0.296875 0.0609375 0.065625
1 0.38984375 0.22109375 0.0515625 0.0625
1 0.375 0.2671875 0.0609375 0.0703125
1 0.43828125 0.20546875 0.0609375 0.078125
1 0.26640625 0.3390625 0.0546875 0.071875
2 0.35703125 0.86484375 0.0890625 0.1046875
2 0.2578125 0.77109375 0.0953125 0.1046875
2 0.140625 0.5609375 0.1 0.0953125
2 0.10625 0.41640625 0.078125 0.0875
2 0.24453125 0.42109375 0.0734375 0.0703125
2 0.546875 0.20703125 0.084375 0.0765625
2 0.5859375 0.0984375 0.0625 0.053125
2 0.69921875 0.209375 0.0625 0.0578125
2 0.946875 0.65234375 0.0859375 0.0875