1 0.075 0.221875 0.06328125 0.06796875
1 0.27890625 0.4015625 0.06640625 0.06796875
1 0.128125 0.7625 0.07578125 0.08125
1 0.04609375 0.8640625 0.0921875 0.1125
1 0.17578125 0.6796875 0.04296875 0.06796875
1 0.3734375 0.93984375 0.0671875 0.07578125
1 0.57890625 0.79765625 0.084375 0.1
1 0.5171875 0.71171875 0.05546875 0.05625
1 0.5 0.315625 0.0609375 0.071875
1 0.49140625 0.1140625 0.075 0.0859375
1 0.26328125 0.11171875 0.05859375 0.07421875
1 0.65859375 0.12265625 0.0640625 0.0828125
1 0.75234375 0.11484375 0.0703125 0.0734375
1 0.82421875 0.03515625 0.05078125 0.05234375
1 0.89765625 0.19921875 0.07890625 0.09296875
1 0.6453125 0.3953125 0.06640625 0.0671875
1 0.93671875 0.571875 0.0765625 0.08671875
1 0.02734375 0.17734375 0.03671875 0.06015625