1 0.4578125 0.48359375 0.0984375 0.1078125
1 0.715625 0.3328125 0.13125 0.1375
1 0.48359375 0.390625 0.08125 0.0890625
1 0.4421875 0.24921875 0.078125 0.0953125
1 0.34375 0.26953125 0.0640625 0.0703125
1 0.3328125 0.49609375 0.0734375 0.0765625
1 0.29609375 0.6703125 0.0984375 0.109375
1 0.21328125 0.7671875 0.109375 0.125
1 0.53671875 0.83671875 0.1390625 0.1515625
1 0.16953125 0.61171875 0.06875 0.0796875
1 0.21875 0.3796875 0.05 0.0578125
1 0.075 0.44453125 0.05625 0.059375
1 0.1234375 0.53984375 0.0484375 0.0578125
1 0.06484375 0.5484375 0.0625 0.0734375
1 0.11875 0.37109375 0.046875 0.05625
1 0.5421875 0.30703125 0.0703125 0.075
1 0.34375 0.6234375 0.0828125 0.0921875
0 0.2296875 0.4859375 0.0671875 0.0734375