1 0.384375 0.428125 0.1125 0.1875
1 0.42421875 0.2203125 0.1015625 0.1375
1 0.625 0.7140625 0.096875 0.15
1 0.58984375 0.54140625 0.090625 0.1515625
0 0.3171875 0.203125 0.0515625 0.0765625
2 0.93984375 0.56484375 0.0609375 0.1015625
1 0.91484375 0.40390625 0.0375 0.06875
2 0.9515625 0.4375 0.0515625 0.0875
1 0.86640625 0.93515625 0.1234375 0.1296875
2 0.56171875 0.22578125 0.0609375 0.0828125
2 0.80703125 0.24140625 0.0609375 0.096875
2 0.9828125 0.28046875 0.034375 0.0890625
1 0.7390625 0.29140625 0.0625 0.078125
2 0.13984375 0.17421875 0.046875 0.0671875
2 0.59296875 0.409375 0.053125 0.090625