1 0.05078125 0.43671875 0.1015625 0.1484375
1 0.20390625 0.62734375 0.1375 0.1421875
1 0.334375 0.59296875 0.1359375 0.140625
1 0.33671875 0.9390625 0.1515625 0.121875
1 0.52890625 0.884375 0.1375 0.1375
1 0.5953125 0.603125 0.1640625 0.1703125
1 0.78515625 0.8046875 0.1734375 0.178125
1 0.86171875 0.5796875 0.1484375 0.15625
1 0.62578125 0.49765625 0.1265625 0.1328125
1 0.9671875 0.64296875 0.065625 0.1578125
1 0.8390625 0.396875 0.16875 0.171875
1 0.9625 0.4 0.075 0.153125
1 0.834375 0.1625 0.121875 0.1328125
1 0.6578125 0.15 0.1625 0.1703125
1 0.68125 0.01640625 0.115625 0.0328125