1 0.4984375 0.4265625 0.05078125 0.08359375
1 0.48984375 0.22265625 0.08125 0.10390625
1 0.259375 0.22265625 0.05625 0.09140625
1 0.278125 0.509375 0.06875 0.09140625
1 0.0734375 0.32734375 0.0609375 0.08125
0 0.16796875 0.76640625 0.05859375 0.08125
1 0.1234375 0.8640625 0.0765625 0.1140625
1 0.04140625 0.95 0.08125 0.1
1 0.57265625 0.90546875 0.08984375 0.10546875
1 0.64296875 0.4859375 0.05703125 0.11171875
1 0.65390625 0.22109375 0.06796875 0.10078125
1 0.7484375 0.23515625 0.06875 0.09453125
1 0.8171875 0.14140625 0.05859375 0.078125
1 0.89609375 0.30234375 0.071875 0.11875
1 0.93203125 0.66484375 0.09140625 0.125
1 0.51796875 0.796875 0.06328125 0.09296875
2 0.1046875 0.4765625 0.06875 0.10234375