1 0.46640625 0.284375 0.0390625 0.065625
1 0.53125 0.44921875 0.0421875 0.06875
1 0.57421875 0.1 0.04375 0.0765625
1 0.52421875 0.1015625 0.0359375 0.0703125
2 0.26640625 0.09609375 0.0515625 0.0640625
2 0.2453125 0.225 0.05 0.071875
2 0.221875 0.3453125 0.0421875 0.0703125
2 0.17421875 0.3796875 0.05 0.0734375
2 0.16640625 0.48125 0.0640625 0.1015625
2 0.13515625 0.63125 0.05 0.075
2 0.025 0.6015625 0.05 0.0875
2 0.03984375 0.49921875 0.04375 0.06875
2 0.0703125 0.3671875 0.0625 0.1
2 0.1078125 0.2171875 0.06875 0.09375
2 0.18046875 0.059375 0.0453125 0.090625
2 0.29296875 0.03671875 0.0515625 0.0734375
2 0.4578125 0.1125 0.04375 0.078125
2 0.50390625 0.20234375 0.0375 0.065625
2 0.5859375 0.2359375 0.04375 0.0640625
2 0.62734375 0.271875 0.04375 0.065625
2 0.6765625 0.25546875 0.040625 0.0625
2 0.6734375 0.16171875 0.0390625 0.0671875
2 0.6359375 0.12578125 0.04375 0.0734375
2 0.76171875 0.19140625 0.0453125 0.071875
2 0.73671875 0.29140625 0.0546875 0.084375
2 0.6625 0.3578125 0.059375 0.103125
2 0.71484375 0.3890625 0.04375 0.0625
2 0.73984375 0.45 0.04375 0.0765625
2 0.7359375 0.5515625 0.0546875 0.0875
2 0.65 0.559375 0.040625 0.071875
2 0.5375 0.66484375 0.0421875 0.0734375
2 0.45078125 0.63515625 0.05 0.08125
2 0.425 0.5578125 0.046875 0.0875
2 0.465625 0.4609375 0.0484375 0.0875
2 0.71171875 0.67890625 0.065625 0.0953125
2 0.728125 0.82109375 0.0609375 0.1
2 0.615625 0.72734375 0.053125 0.0828125
2 0.56796875 0.728125 0.0453125 0.0796875
2 0.4359375 0.91953125 0.04375 0.0953125
2 0.57890625 0.953125 0.059375 0.09375
2 0.08515625 0.83984375 0.0734375 0.1125