1 0.26171875 0.29609375 0.13125 0.1359375
1 0.2296875 0.1625 0.096875 0.103125
1 0.4328125 0.190625 0.0859375 0.090625
1 0.50078125 0.221875 0.078125 0.075
1 0.6203125 0.41640625 0.0875 0.09375
1 0.6671875 0.575 0.1359375 0.1328125
1 0.7515625 0.721875 0.1109375 0.1203125
1 0.87265625 0.5140625 0.0921875 0.0953125
1 0.5484375 0.29296875 0.0546875 0.059375
1 0.55078125 0.37578125 0.071875 0.0703125
2 0.309375 0.5765625 0.2421875 0.2515625
0 0.37578125 0.07265625 0.0890625 0.0953125
1 0.3359375 0.0640625 0.0609375 0.06875
2 0.63828125 0.21328125 0.0578125 0.0578125