1 0.01484375 0.2484375 0.0296875 0.046875
1 0.04609375 0.35546875 0.04375 0.040625
1 0.00703125 0.41953125 0.0140625 0.0484375
1 0.0265625 0.5796875 0.0375 0.034375
1 0.03671875 0.49765625 0.0453125 0.046875
1 0.1078125 0.59140625 0.04375 0.040625
1 0.1359375 0.6609375 0.046875 0.046875
1 0.2484375 0.73359375 0.0609375 0.059375
1 0.2078125 0.6640625 0.0484375 0.0484375
1 0.18828125 0.44375 0.0484375 0.046875
1 0.29140625 0.940625 0.05625 0.05625
1 0.4390625 0.95078125 0.059375 0.059375
1 0.5296875 0.85234375 0.0671875 0.065625
1 0.47421875 0.58984375 0.05625 0.059375
1 0.34921875 0.5875 0.053125 0.0546875
1 0.30859375 0.4453125 0.040625 0.0375
1 0.21328125 0.3453125 0.0453125 0.0453125
1 0.1609375 0.290625 0.0421875 0.04375
1 0.15703125 0.21015625 0.0421875 0.040625
1 0.2421875 0.11328125 0.0390625 0.0375
1 0.3359375 0.1453125 0.0390625 0.0359375
1 0.38125 0.18046875 0.0390625 0.040625
1 0.42421875 0.1171875 0.0359375 0.0359375
1 0.43671875 0.2109375 0.040625 0.040625
1 0.54140625 0.4765625 0.05625 0.0609375
1 0.54921875 0.3765625 0.0390625 0.0421875
1 0.51953125 0.22578125 0.04375 0.0453125
1 0.6453125 0.0171875 0.0375 0.034375
1 0.5203125 0.15859375 0.040625 0.040625
1 0.696875 0.28203125 0.040625 0.0421875
1 0.79375 0.425 0.0453125 0.05
1 0.8234375 0.68515625 0.05 0.046875
1 0.86328125 0.33828125 0.0484375 0.0453125
1 0.9609375 0.5015625 0.0390625 0.04375
1 0.8546875 0.17734375 0.0453125 0.040625