1 0.34375 0.43828125 0.0546875 0.0640625
1 0.46640625 0.4765625 0.0546875 0.0734375
1 0.5671875 0.4890625 0.05625 0.0640625
1 0.7171875 0.484375 0.0484375 0.0625
1 0.84609375 0.48828125 0.053125 0.071875
1 0.9484375 0.3296875 0.0625 0.071875
1 0.79609375 0.2984375 0.046875 0.0578125
1 0.70390625 0.29375 0.0640625 0.0671875
1 0.63125 0.28984375 0.0625 0.08125
1 0.52265625 0.25703125 0.0609375 0.0671875
1 0.459375 0.26328125 0.0578125 0.0796875
1 0.34375 0.2265625 0.0625 0.0734375
1 0.26796875 0.246875 0.0546875 0.059375
1 0.15546875 0.23046875 0.0546875 0.071875
1 0.06328125 0.23359375 0.0578125 0.05625
1 0.009375 0.2234375 0.01875 0.071875
1 0.01796875 0.428125 0.0359375 0.059375
1 0.11640625 0.4203125 0.065625 0.0703125
1 0.259375 0.44453125 0.0390625 0.0578125
1 0.41796875 0.64921875 0.078125 0.0828125
1 0.55859375 0.66953125 0.078125 0.0828125
1 0.68046875 0.6484375 0.08125 0.078125
1 0.81015625 0.746875 0.0828125 0.084375
1 0.96875 0.78359375 0.0625 0.0984375
1 0.975 0.52265625 0.05 0.0953125
1 0.87265625 0.16796875 0.046875 0.0671875
1 0.759375 0.14453125 0.059375 0.0671875
1 0.66875 0.16796875 0.059375 0.0703125
1 0.54453125 0.1484375 0.053125 0.053125
1 0.61015625 0.0578125 0.0390625 0.0625
1 0.70859375 0.05703125 0.04375 0.0578125
1 0.78046875 0.04453125 0.0484375 0.0515625
1 0.95859375 0.18359375 0.0453125 0.06875
1 0.45390625 0.12265625 0.0421875 0.0625
1 0.4765625 0.0578125 0.04375 0.059375
1 0.56171875 0.02109375 0.0359375 0.0421875
1 0.415625 0.06484375 0.040625 0.04375
1 0.35 0.0546875 0.0421875 0.0609375
1 0.265625 0.05 0.046875 0.05625
1 0.30546875 0.15859375 0.0453125 0.0625
1 0.1828125 0.15625 0.0453125 0.0609375
1 0.1515625 0.07421875 0.040625 0.05625
1 0.07578125 0.05390625 0.0421875 0.0515625
1 0.08671875 0.13203125 0.04375 0.053125
1 0.1203125 0.6046875 0.0765625 0.0734375
1 0.19296875 0.59921875 0.053125 0.0765625
1 0.24375 0.61171875 0.05 0.075
1 0.53359375 0.9 0.0890625 0.08125
1 0.3515625 0.87109375 0.0875 0.0859375
1 0.23515625 0.8515625 0.0875 0.084375
1 0.1109375 0.8625 0.084375 0.0859375