1 0.13203125 0.45546875 0.125 0.1234375
1 0.34296875 0.44296875 0.10625 0.1078125
1 0.59140625 0.48828125 0.10625 0.1078125
1 0.52890625 0.3078125 0.0890625 0.09375
1 0.45703125 0.07421875 0.071875 0.0734375
1 0.6625 0.3265625 0.06875 0.0734375
1 0.75390625 0.375 0.0984375 0.0984375
1 0.94296875 0.38828125 0.06875 0.075
1 0.76484375 0.18515625 0.0484375 0.0484375
1 0.696875 0.11171875 0.0390625 0.040625
1 0.6609375 0.059375 0.0375 0.0375
1 0.97890625 0.27109375 0.0421875 0.0484375
2 0.90546875 0.33125 0.046875 0.0453125
1 0.509375 0.0515625 0.0609375 0.0640625