1 0.09609375 0.34609375 0.06875 0.0796875
1 0.0171875 0.3640625 0.034375 0.075
1 0.30234375 0.46484375 0.040625 0.065625
1 0.4078125 0.425 0.040625 0.0625
1 0.33671875 0.396875 0.0484375 0.053125
1 0.7015625 0.30859375 0.0421875 0.0640625
1 0.62265625 0.38125 0.040625 0.059375
1 0.55859375 0.378125 0.0421875 0.0640625
1 0.2796875 0.6453125 0.05 0.065625
2 0.20234375 0.38203125 0.05 0.0671875
2 0.29453125 0.38125 0.0359375 0.046875
2 0.37265625 0.3828125 0.028125 0.0578125
2 0.51640625 0.3859375 0.0484375 0.071875
1 0.4515625 0.403125 0.0390625 0.06875