1 0.2171875 0.078125 0.084375 0.0875
1 0.33515625 0.32265625 0.0875 0.0890625
1 0.05546875 0.59609375 0.1015625 0.1046875
1 0.13125 0.5390625 0.065625 0.0796875
1 0.21171875 0.85546875 0.0921875 0.0953125
1 0.45625 0.8046875 0.1171875 0.125
1 0.4328125 0.7015625 0.0734375 0.0734375
1 0.571875 0.33046875 0.084375 0.090625
1 0.64296875 0.14140625 0.103125 0.1078125
1 0.43359375 0.05 0.0828125 0.090625
1 0.79375 0.21484375 0.090625 0.1015625
1 0.8828125 0.24375 0.09375 0.0953125
1 0.97265625 0.1984375 0.0546875 0.06875
1 0.9640625 0.37734375 0.071875 0.1171875
1 0.675 0.46015625 0.0875 0.0875
1 0.87421875 0.73671875 0.1046875 0.109375
1 0.18984375 0.0265625 0.0578125 0.053125