1 0.4953125 0.77421875 0.059375 0.078125
1 0.5359375 0.59765625 0.040625 0.0609375
1 0.58828125 0.59140625 0.0375 0.0578125
1 0.3875 0.66640625 0.0484375 0.0578125
1 0.4421875 0.6203125 0.0515625 0.065625
1 0.4796875 0.7 0.05625 0.0625
2 0.309375 0.53984375 0.046875 0.078125
1 0.3484375 0.56328125 0.046875 0.059375
1 0.23203125 0.71484375 0.0484375 0.0671875
1 0.29921875 0.675 0.040625 0.0546875
1 0.07578125 0.67890625 0.0609375 0.078125
1 0.615625 0.5 0.0375 0.0578125
1 0.5203125 0.44609375 0.0328125 0.0515625
1 0.7359375 0.44296875 0.034375 0.053125
1 0.79453125 0.45859375 0.0234375 0.0421875
2 0.51640625 0.96328125 0.0578125 0.0734375
2 0.01875 0.6609375 0.0375 0.078125