1 0.03046875 0.32421875 0.0609375 0.0796875
1 0.2625 0.45390625 0.0796875 0.08125
1 0.196875 0.8390625 0.0921875 0.096875
1 0.1390625 0.94609375 0.115625 0.1078125
1 0.22421875 0.74765625 0.0578125 0.0765625
1 0.47578125 0.95625 0.0828125 0.0875
1 0.64375 0.77265625 0.1046875 0.1171875
1 0.5640625 0.70234375 0.0671875 0.0671875
1 0.45859375 0.3203125 0.075 0.084375
1 0.4046875 0.12578125 0.0921875 0.1
1 0.18203125 0.175 0.0734375 0.0859375
1 0.56953125 0.096875 0.08125 0.0953125
1 0.659375 0.06796875 0.084375 0.0875
1 0.81953125 0.1171875 0.0984375 0.1078125
1 0.61796875 0.365625 0.0796875 0.0796875
1 0.94140625 0.471875 0.09375 0.1015625