1 0.27890625 0.284375 0.1203125 0.21875
1 0.08515625 0.490625 0.1390625 0.1546875
1 0.09765625 0.2171875 0.0546875 0.0859375
1 0.3484375 0.08203125 0.0609375 0.0984375
1 0.45078125 0.32734375 0.0859375 0.1171875
1 0.58671875 0.68359375 0.084375 0.125
1 0.5859375 0.4671875 0.0984375 0.125
1 0.7734375 0.43125 0.0890625 0.1390625
1 0.8390625 0.13359375 0.0515625 0.0625
1 0.959375 0.225 0.08125 0.134375
1 0.7296875 0.09609375 0.040625 0.06875
1 0.6171875 0.065625 0.04375 0.0796875
1 0.61796875 0.28046875 0.071875 0.0921875
1 0.52734375 0.265625 0.0609375 0.1078125