1 0.2578125 0.30859375 0.128125 0.221875
1 0.08671875 0.534375 0.1453125 0.159375
1 0.0703125 0.2609375 0.0578125 0.0875
1 0.30546875 0.1 0.0640625 0.1
1 0.4328125 0.3328125 0.0890625 0.11875
1 0.60546875 0.6734375 0.0890625 0.1265625
1 0.58203125 0.45859375 0.103125 0.128125
1 0.76484375 0.403125 0.0921875 0.1421875
1 0.7984375 0.1 0.0546875 0.0640625
1 0.928125 0.17890625 0.0859375 0.1359375
1 0.68671875 0.07421875 0.04375 0.0703125
1 0.571875 0.05546875 0.046875 0.08125
1 0.59453125 0.26953125 0.075 0.09375
1 0.503125 0.2640625 0.0640625 0.109375