1 0.6640625 0.846875 0.040625 0.0390625
1 0.74375 0.77265625 0.0390625 0.0390625
1 0.87265625 0.82109375 0.0515625 0.0546875
1 0.98359375 0.67265625 0.0328125 0.0421875
1 0.99609375 0.63671875 0.0078125 0.0328125
1 0.9578125 0.47109375 0.03125 0.034375
1 0.93671875 0.40234375 0.0328125 0.0328125
1 0.70859375 0.49765625 0.034375 0.03125
1 0.68203125 0.7203125 0.040625 0.040625
1 0.6 0.4953125 0.03125 0.034375
1 0.50390625 0.60078125 0.0359375 0.034375
1 0.4734375 0.5640625 0.03125 0.034375
1 0.42265625 0.66484375 0.0375 0.0359375
1 0.45 0.73125 0.0296875 0.0359375
1 0.484375 0.73515625 0.040625 0.040625
1 0.421875 0.82265625 0.0390625 0.0375
1 0.4 0.99453125 0.04375 0.0109375
1 0.55390625 0.94765625 0.040625 0.040625
1 0.3078125 0.68671875 0.0296875 0.0359375
1 0.32265625 0.63125 0.0359375 0.0328125
1 0.03671875 0.6359375 0.0296875 0.034375
1 0.08359375 0.60390625 0.025 0.0234375
1 0.14140625 0.59375 0.0328125 0.0328125
1 0.109375 0.496875 0.028125 0.028125
1 0.2453125 0.484375 0.0296875 0.0296875
1 0.3125 0.4265625 0.0265625 0.028125
1 0.3140625 0.35 0.03125 0.0328125
1 0.31484375 0.25625 0.0234375 0.025
1 0.2453125 0.27890625 0.0265625 0.03125
1 0.01875 0.3453125 0.025 0.03125
1 0.19375 0.2046875 0.01875 0.01875
1 0.16796875 0.23828125 0.021875 0.0203125
1 0.20234375 0.175 0.0171875 0.0203125
1 0.3140625 0.15078125 0.025 0.0265625
1 0.2671875 0.12734375 0.0171875 0.01875
1 0.22265625 0.13125 0.0171875 0.0203125
1 0.38828125 0.1625 0.0234375 0.028125
1 0.40625 0.3546875 0.0234375 0.0265625
1 0.44609375 0.38125 0.0234375 0.028125
1 0.5015625 0.378125 0.03125 0.034375
1 0.49765625 0.29375 0.0203125 0.0203125
1 0.51015625 0.34375 0.021875 0.025
1 0.56796875 0.37578125 0.0265625 0.025
1 0.6296875 0.3453125 0.0234375 0.025
1 0.69609375 0.4015625 0.03125 0.0296875
1 0.66875 0.38125 0.03125 0.028125
1 0.68984375 0.3421875 0.03125 0.03125
1 0.82734375 0.26640625 0.028125 0.028125
1 0.74453125 0.2234375 0.021875 0.025
1 0.6828125 0.17265625 0.0234375 0.0234375
1 0.75625 0.1359375 0.03125 0.028125
1 0.76796875 0.18984375 0.021875 0.0265625
1 0.8515625 0.20703125 0.028125 0.025
1 0.8765625 0.31328125 0.0265625 0.0296875
1 0.7515625 0.0734375 0.0203125 0.021875
1 0.71171875 0.09140625 0.0265625 0.0296875
1 0.52265625 0.17265625 0.0265625 0.0265625
1 0.41953125 0.11953125 0.0234375 0.0234375
1 0.428125 0.25625 0.0265625 0.0234375
1 0.803125 0.22109375 0.034375 0.0359375
1 0.484375 0.46484375 0.0265625 0.0296875
1 0.3515625 0.5109375 0.0375 0.040625
1 0.41875 0.4640625 0.0296875 0.034375
2 0.221875 0.73828125 0.03125 0.0296875
2 0.1546875 0.6921875 0.0328125 0.034375
2 0.28359375 0.5234375 0.0328125 0.034375
2 0.09453125 0.41640625 0.0265625 0.025
2 0.21640625 0.38046875 0.03125 0.0328125
2 0.2765625 0.30859375 0.0265625 0.028125
2 0.24453125 0.3453125 0.0265625 0.028125
2 0.53671875 0.14453125 0.0234375 0.0203125
1 0.61015625 0.15625 0.0234375 0.025
2 0.61953125 0.09296875 0.025 0.03125