1 0.221875 0.78984375 0.0625 0.065625
1 0.1125 0.753125 0.0734375 0.0765625
1 0.2515625 0.6484375 0.08125 0.08125
1 0.40234375 0.5328125 0.0890625 0.0921875
1 0.35859375 0.6015625 0.059375 0.0609375
1 0.55234375 0.64375 0.11875 0.1203125
1 0.878125 0.4328125 0.24375 0.259375
1 0.65859375 0.40234375 0.0625 0.0625
1 0.5625 0.425 0.0515625 0.05625
1 0.559375 0.33984375 0.0390625 0.040625
1 0.975 0.4359375 0.05 0.115625
1 0.1234375 0.640625 0.0296875 0.03125
1 0.2203125 0.528125 0.0296875 0.03125
1 0.21640625 0.571875 0.0375 0.0390625