1 0.16796875 0.6140625 0.1046875 0.096875
1 0.07578125 0.47421875 0.0609375 0.0609375
1 0.50234375 0.7140625 0.1109375 0.103125
1 0.76796875 0.7671875 0.1125 0.1109375
1 0.95234375 0.5921875 0.06875 0.06875
1 0.515625 0.490625 0.0515625 0.0609375
1 0.565625 0.509375 0.046875 0.0578125
1 0.39140625 0.4921875 0.05 0.078125
1 0.35 0.53203125 0.046875 0.05
1 0.259375 0.58125 0.0453125 0.0625
1 0.13359375 0.3875 0.046875 0.0453125
1 0.384375 0.3875 0.034375 0.0390625
1 0.73828125 0.3890625 0.0421875 0.0421875
1 0.621875 0.4125 0.0296875 0.040625
2 0.43984375 0.5671875 0.0703125 0.06875
2 0.83671875 0.565625 0.084375 0.075