1 0.1484375 0.5109375 0.096875 0.1234375
1 0.359375 0.575 0.09765625 0.1453125
1 0.61953125 0.60234375 0.09140625 0.159375
1 0.91015625 0.5375 0.10390625 0.1796875
1 0.80703125 0.621875 0.09140625 0.1421875
1 0.86015625 0.2796875 0.09609375 0.140625
1 0.715625 0.22890625 0.07890625 0.1265625
1 0.45390625 0.23203125 0.05703125 0.1234375
1 0.31484375 0.2046875 0.07578125 0.096875
1 0.18984375 0.1953125 0.07265625 0.13125
1 0.06328125 0.20234375 0.07734375 0.1171875
1 0.52421875 0.50546875 0.065625 0.14375