1 0.57734375 0.903125 0.1734375 0.171875
1 0.82109375 0.81171875 0.121875 0.1234375
1 0.825 0.66484375 0.0984375 0.1125
1 0.66875 0.5015625 0.10625 0.1140625
1 0.7453125 0.41171875 0.084375 0.0890625
1 0.57109375 0.49296875 0.10625 0.1125
1 0.53828125 0.64453125 0.0875 0.0953125
1 0.40703125 0.59375 0.10625 0.1125
1 0.45234375 0.48984375 0.0921875 0.09375
1 0.32734375 0.45390625 0.08125 0.078125
1 0.25 0.81484375 0.1 0.1125
1 0.14765625 0.45859375 0.0625 0.065625
1 0.8125 0.35234375 0.0859375 0.0765625
1 0.44765625 0.30390625 0.0703125 0.071875
1 0.32109375 0.259375 0.0609375 0.065625
1 0.31875 0.3078125 0.0703125 0.0765625
1 0.3640625 0.23125 0.0734375 0.08125
1 0.2328125 0.40546875 0.0671875 0.075
2 0.45625 0.88984375 0.103125 0.1125
2 0.33671875 0.82421875 0.109375 0.1140625
2 0.16875 0.6515625 0.1109375 0.1078125
2 0.09765625 0.52109375 0.090625 0.09375
2 0.2328125 0.48984375 0.0796875 0.078125
2 0.46953125 0.2046875 0.090625 0.0875
2 0.47890625 0.08984375 0.0671875 0.0625
2 0.61796875 0.16796875 0.06875 0.065625
2 0.9609375 0.53125 0.078125 0.096875