1 0.4328125 0.2921875 0.0328125 0.0625
1 0.5234375 0.44453125 0.034375 0.065625
1 0.5109375 0.09375 0.034375 0.0734375
1 0.46171875 0.103125 0.028125 0.06875
2 0.20625 0.1375 0.0453125 0.0578125
2 0.20546875 0.26875 0.0421875 0.0671875
2 0.20078125 0.390625 0.034375 0.0671875
2 0.159375 0.43203125 0.0421875 0.06875
2 0.16796875 0.53359375 0.053125 0.096875
2 0.16015625 0.68671875 0.0421875 0.0703125
2 0.04140625 0.675 0.0515625 0.08125
2 0.04609375 0.57109375 0.0359375 0.065625
2 0.0546875 0.4359375 0.0515625 0.0953125
2 0.06796875 0.28203125 0.0578125 0.0875
2 0.11484375 0.11484375 0.0359375 0.0859375
2 0.22265625 0.06953125 0.0421875 0.08125
2 0.39765625 0.1234375 0.034375 0.075
2 0.45703125 0.20546875 0.0296875 0.0625
2 0.54375 0.22578125 0.0375 0.0609375
2 0.590625 0.2546875 0.0375 0.0625
2 0.6359375 0.23125 0.0328125 0.059375
2 0.61875 0.13828125 0.0328125 0.0640625
2 0.57578125 0.10859375 0.0359375 0.0703125
2 0.71015625 0.15390625 0.0375 0.06875
2 0.7015625 0.25625 0.0453125 0.0796875
2 0.63828125 0.334375 0.0484375 0.0984375
2 0.6953125 0.35703125 0.0375 0.059375
2 0.72890625 0.41328125 0.034375 0.0734375
2 0.740625 0.5140625 0.0453125 0.0828125
2 0.6578125 0.534375 0.0328125 0.06875
2 0.56328125 0.65703125 0.034375 0.0703125
2 0.47265625 0.64140625 0.0421875 0.0765625
2 0.43515625 0.56875 0.0359375 0.0828125
2 0.46015625 0.4671875 0.0375 0.0828125
2 0.73671875 0.64375 0.0546875 0.090625
2 0.775 0.78125 0.05 0.0953125
2 0.65 0.70703125 0.04375 0.078125
2 0.603125 0.71484375 0.0359375 0.0765625
2 0.50234375 0.92421875 0.0328125 0.0921875
2 0.64921875 0.93515625 0.0484375 0.0890625
2 0.14375 0.90078125 0.0609375 0.10625