2 0.15859375 0.39765625 0.0671875 0.0734375
2 0.16015625 0.24609375 0.0578125 0.0796875
2 0.084375 0.1171875 0.0484375 0.071875
2 0.4546875 0.1484375 0.0625 0.0953125
2 0.7078125 0.41015625 0.0734375 0.08125
1 0.45078125 0.5859375 0.0578125 0.075
1 0.14765625 0.5671875 0.0640625 0.0921875
1 0.4703125 0.403125 0.0625 0.0734375
1 0.42109375 0.31171875 0.0578125 0.0625
1 0.803125 0.5921875 0.059375 0.0875
1 0.709375 0.04140625 0.0578125 0.0796875
1 0.796875 0.140625 0.0609375 0.078125
2 0.78828125 0.265625 0.0625 0.078125