1 0.2078125 0.72890625 0.109375 0.1046875
1 0.3484375 0.5703125 0.0921875 0.09375
1 0.55625 0.4265625 0.090625 0.09375
1 0.384375 0.34375 0.0734375 0.0859375
1 0.16875 0.22890625 0.0609375 0.065625
1 0.4921875 0.26171875 0.0546875 0.06875
1 0.59140625 0.23203125 0.0859375 0.0859375
1 0.734375 0.1078125 0.05625 0.06875
1 0.46484375 0.090625 0.0421875 0.040625
1 0.3640625 0.0859375 0.0328125 0.0359375
1 0.30234375 0.07421875 0.0328125 0.0328125
1 0.79609375 0.0125 0.0453125 0.025
1 0.67890625 0.009375 0.0390625 0.01875
2 0.66796875 0.09375 0.0421875 0.0375
1 0.18984375 0.1765625 0.0515625 0.0578125