1 0.528125 0.43203125 0.0796875 0.096875
1 0.60390625 0.2421875 0.1171875 0.128125
1 0.39296875 0.1484375 0.0890625 0.10625
1 0.29375 0.41796875 0.1 0.1109375
1 0.18046875 0.16875 0.0890625 0.0984375
0 0.08828125 0.60859375 0.0859375 0.0984375
1 0.0328125 0.67890625 0.065625 0.1359375
1 0.4015625 0.9 0.125 0.1328125
1 0.63671875 0.5453125 0.096875 0.125
1 0.75390625 0.3078125 0.103125 0.1203125
1 0.834375 0.359375 0.1015625 0.1140625
1 0.9359375 0.3015625 0.0859375 0.0953125
1 0.9421875 0.48046875 0.1140625 0.1375
1 0.82734375 0.8265625 0.134375 0.1515625
1 0.3953125 0.77890625 0.0953125 0.1109375
2 0.1484375 0.31796875 0.1046875 0.121875