1 0.20390625 0.54609375 0.109375 0.1171875
1 0.36171875 0.60859375 0.1828125 0.1921875
1 0.40078125 0.3359375 0.0890625 0.10625
1 0.6265625 0.36796875 0.14375 0.15625
1 0.6484375 0.1875 0.0984375 0.1125
1 0.94921875 0.6890625 0.1015625 0.25625
1 0.2234375 0.2890625 0.0625 0.0765625
1 0.3125 0.3078125 0.0625 0.075
1 0.13359375 0.35859375 0.06875 0.0796875
1 0.1734375 0.34140625 0.053125 0.059375
2 0.05234375 0.45625 0.1046875 0.128125
2 0.42109375 0.2265625 0.0703125 0.090625
2 0.5515625 0.12734375 0.05625 0.0703125