2 0.16640625 0.37421875 0.0625 0.06875
2 0.17890625 0.22265625 0.053125 0.0765625
2 0.11171875 0.0890625 0.04375 0.06875
2 0.4796875 0.14609375 0.05546875 0.0921875
2 0.71328125 0.425 0.06796875 0.0765625
1 0.4453125 0.58203125 0.053125 0.071875
1 0.14375 0.5421875 0.05859375 0.0890625
1 0.47734375 0.4015625 0.05703125 0.0703125
1 0.434375 0.30703125 0.05390625 0.059375
1 0.79609375 0.61328125 0.05390625 0.084375
1 0.740625 0.05703125 0.05234375 0.0765625
1 0.82109375 0.1625 0.05625 0.075
2 0.80390625 0.2859375 0.05703125 0.075