1 0.54765625 0.04140625 0.0859375 0.0828125
1 0.4140625 0.18203125 0.0828125 0.0859375
1 0.30546875 0.39140625 0.0890625 0.0859375
1 0.0328125 0.5578125 0.065625 0.09375
0 0.1 0.52109375 0.075 0.0765625
1 0.21171875 0.1609375 0.0875 0.0890625
1 0.16015625 0.8109375 0.0890625 0.0921875
1 0.3734375 0.73125 0.0765625 0.078125
1 0.3828125 0.81328125 0.0875 0.0828125
1 0.53125 0.45234375 0.0734375 0.0734375
1 0.60390625 0.3078125 0.08125 0.0796875
1 0.6765625 0.21015625 0.08125 0.075
1 0.75078125 0.3921875 0.0953125 0.0984375
1 0.61875 0.58046875 0.08125 0.084375
1 0.8265625 0.43984375 0.0890625 0.0921875
1 0.92734375 0.42421875 0.0734375 0.071875
1 0.97578125 0.3296875 0.0484375 0.059375
1 0.9078125 0.59296875 0.0921875 0.0921875
1 0.78203125 0.86328125 0.0875 0.0828125
1 0.18828125 0.10390625 0.0640625 0.0671875