1 0.81875 0.5875 0.240625 0.26875
1 0.57578125 0.61640625 0.0890625 0.1203125
1 0.52734375 0.49140625 0.0734375 0.0875
1 0.6203125 0.4375 0.0765625 0.1015625
1 0.409375 0.73671875 0.09375 0.1171875
1 0.4875 0.6640625 0.053125 0.0625
1 0.43046875 0.49375 0.0546875 0.0671875
1 0.3484375 0.578125 0.05 0.0578125
1 0.2203125 0.66640625 0.0984375 0.1125
1 0.26015625 0.60859375 0.0671875 0.0796875
1 0.2875 0.52578125 0.0484375 0.0546875
1 0.33125 0.47578125 0.040625 0.053125
1 0.078125 0.671875 0.04375 0.0546875
1 0.18203125 0.70390625 0.0515625 0.0625
1 0.121875 0.58828125 0.0328125 0.0421875
1 0.8796875 0.2484375 0.0796875 0.0796875
1 0.8140625 0.3 0.0546875 0.0671875