1 0.19140625 0.13203125 0.0875 0.0921875
1 0.25546875 0.2109375 0.071875 0.0734375
1 0.4296875 0.26796875 0.0796875 0.08125
1 0.48984375 0.26796875 0.0671875 0.0734375
1 0.40625 0.18359375 0.0640625 0.0640625
1 0.45234375 0.465625 0.1 0.0921875
1 0.55546875 0.2890625 0.05625 0.0625
1 0.6046875 0.30390625 0.05 0.0546875
1 0.6390625 0.3234375 0.05625 0.0625
1 0.75 0.45 0.075 0.0765625
1 0.70625 0.4109375 0.071875 0.071875
1 0.67890625 0.36953125 0.0578125 0.0609375
1 0.82890625 0.36953125 0.065625 0.0734375
1 0.95625 0.4140625 0.06875 0.071875
1 0.9828125 0.45390625 0.034375 0.0765625
2 0.875 0.4 0.0484375 0.0484375