1 0.1 0.46640625 0.046875 0.0640625
1 0.05859375 0.3578125 0.05625 0.071875
1 0.228125 0.4 0.06875 0.0703125
1 0.41328125 0.44453125 0.071875 0.0828125
1 0.33203125 0.45390625 0.05 0.053125
1 0.421875 0.63125 0.1 0.10625
1 0.79140625 0.753125 0.1890625 0.2453125
1 0.67578125 0.5625 0.0515625 0.05625
1 0.59765625 0.50078125 0.0390625 0.053125
1 0.66171875 0.4453125 0.0328125 0.0359375
1 0.86796875 0.85390625 0.09375 0.1015625
1 0.153125 0.29609375 0.025 0.0265625
1 0.30234375 0.30078125 0.021875 0.0296875
1 0.265625 0.325 0.0296875 0.034375