1 0.4203125 0.7625 0.075 0.0859375
1 0.5078125 0.603125 0.053125 0.065625
1 0.559375 0.61171875 0.05 0.0625
1 0.34609375 0.62890625 0.0609375 0.065625
1 0.4109375 0.6 0.0640625 0.0734375
1 0.425 0.68671875 0.0671875 0.0703125
2 0.30625 0.48515625 0.0625 0.0828125
1 0.33671875 0.51875 0.059375 0.065625
1 0.1828125 0.6328125 0.0625 0.0734375
1 0.25859375 0.61328125 0.053125 0.0609375
1 0.04296875 0.5546875 0.0765625 0.0859375
1 0.6109375 0.53203125 0.05 0.0625
1 0.534375 0.453125 0.04375 0.0546875
1 0.7421875 0.51015625 0.046875 0.0578125
1 0.79453125 0.54140625 0.0328125 0.0453125
2 0.38828125 0.95390625 0.075 0.0890625
2 0.01015625 0.51953125 0.0203125 0.0828125