1 0.13515625 0.3828125 0.01875 0.025
1 0.0734375 0.49609375 0.02734375 0.0296875
1 0.02109375 0.52265625 0.0234375 0.03046875
1 0.1390625 0.5125 0.02578125 0.03125
1 0.278125 0.42109375 0.01796875 0.0234375
1 0.271875 0.69296875 0.01953125 0.03671875
1 0.30625 0.63125 0.0234375 0.03671875
1 0.37265625 0.49921875 0.0171875 0.0328125
1 0.340625 0.90078125 0.0359375 0.04140625
1 0.43125 0.8234375 0.03125 0.03828125
1 0.39765625 0.80859375 0.02890625 0.03046875
1 0.3953125 0.71171875 0.03359375 0.03671875
1 0.36015625 0.3734375 0.021875 0.03046875
1 0.38515625 0.278125 0.028125 0.0328125
1 0.340625 0.1640625 0.021875 0.02265625
1 0.278125 0.0875 0.01875 0.02265625
1 0.31328125 0.05859375 0.021875 0.02265625
1 0.4921875 0.66171875 0.02890625 0.0375
1 0.4765625 0.60703125 0.02421875 0.02890625
1 0.45703125 0.465625 0.0296875 0.03828125
1 0.0921875 0.1609375 0.0203125 0.0296875
1 0.6234375 0.5765625 0.03046875 0.03046875
1 0.73203125 0.61953125 0.03359375 0.034375
1 0.63203125 0.88203125 0.0390625 0.0359375
1 0.6765625 0.97265625 0.0328125 0.040625
1 0.953125 0.946875 0.0375 0.04453125
1 0.98359375 0.91171875 0.02578125 0.040625
1 0.98828125 0.6890625 0.0234375 0.03984375
1 0.98828125 0.59140625 0.0234375 0.03359375
1 0.92421875 0.384375 0.02421875 0.03359375
1 0.85703125 0.29453125 0.025 0.02734375
1 0.89140625 0.26484375 0.02734375 0.02265625
1 0.81484375 0.21015625 0.0359375 0.02265625
1 0.89375 0.18828125 0.0296875 0.034375
1 0.96875 0.31640625 0.01796875 0.021875
1 0.865625 0.11875 0.021875 0.02265625
1 0.909375 0.11328125 0.01484375 0.01953125
1 0.63046875 0.409375 0.03046875 0.025
1 0.56171875 0.3921875 0.0203125 0.0359375
1 0.5078125 0.37265625 0.021875 0.02734375
1 0.475 0.3234375 0.0265625 0.02890625
1 0.51796875 0.4875 0.01875 0.025
1 0.52890625 0.21015625 0.0203125 0.02734375
1 0.56640625 0.03671875 0.0203125 0.021875
1 0.45 0.03515625 0.0171875 0.01875
1 0.51953125 0.08046875 0.01953125 0.025
1 0.33046875 0.02109375 0.01796875 0.01796875
1 0.415625 0.1640625 0.02109375 0.02578125
1 0.5828125 0.3515625 0.021875 0.0296875
1 0.58671875 0.28828125 0.01953125 0.0265625
1 0.66484375 0.2890625 0.02109375 0.0265625
1 0.7 0.39765625 0.0171875 0.01875
1 0.76640625 0.4234375 0.0234375 0.03125
1 0.75234375 0.49921875 0.03125 0.040625
1 0.73125 0.45703125 0.02890625 0.03046875
1 0.9125 0.3171875 0.02421875 0.03046875
1 0.2328125 0.26328125 0.02421875 0.03046875
2 0.146875 0.27578125 0.02109375 0.02890625
1 0.653125 0.146875 0.021875 0.01953125
1 0.74375 0.16484375 0.021875 0.02578125
2 0.67578125 0.11796875 0.01640625 0.01875
2 0.1171875 0.63828125 0.028125 0.0328125
2 0.1671875 0.721875 0.0296875 0.03359375
2 0.30234375 0.48671875 0.028125 0.03125
2 0.771875 0.08671875 0.0140625 0.021875
2 0.87734375 0.01953125 0.01796875 0.021875
2 0.70859375 0.07421875 0.01328125 0.01953125