1 0.4703125 0.284375 0.040625 0.065625
1 0.5328125 0.45 0.04375 0.06875
1 0.58125 0.1015625 0.0453125 0.0765625
1 0.53125 0.10234375 0.0375 0.071875
2 0.2734375 0.0921875 0.0515625 0.0640625
2 0.25 0.22109375 0.0515625 0.071875
2 0.225 0.33984375 0.04375 0.0703125
2 0.1765625 0.3734375 0.05 0.0734375
2 0.1671875 0.47578125 0.065625 0.1015625
2 0.1328125 0.62421875 0.0515625 0.075
2 0.02421875 0.5921875 0.0484375 0.0875
2 0.040625 0.49140625 0.0453125 0.0703125
2 0.07265625 0.359375 0.0625 0.1
2 0.1125 0.21015625 0.0703125 0.09375
2 0.1875 0.053125 0.046875 0.090625
2 0.3015625 0.0359375 0.053125 0.071875
2 0.4640625 0.11171875 0.0453125 0.078125
2 0.509375 0.20234375 0.0375 0.065625
2 0.590625 0.2375 0.0453125 0.065625
2 0.63125 0.27421875 0.0453125 0.0671875
2 0.68046875 0.25859375 0.040625 0.0625
2 0.6796875 0.16484375 0.040625 0.0671875
2 0.64296875 0.128125 0.0453125 0.0734375
2 0.7671875 0.19609375 0.046875 0.0734375
2 0.740625 0.2953125 0.05625 0.084375
2 0.66484375 0.3609375 0.0609375 0.103125
2 0.7171875 0.39296875 0.0453125 0.0640625
2 0.740625 0.45390625 0.0453125 0.0765625
2 0.73515625 0.55546875 0.05625 0.0890625
2 0.64921875 0.56171875 0.0421875 0.071875
2 0.534375 0.665625 0.04375 0.0734375
2 0.4484375 0.634375 0.0515625 0.08125
2 0.4234375 0.55703125 0.0484375 0.0875
2 0.46640625 0.4609375 0.05 0.0875
2 0.70859375 0.6828125 0.065625 0.096875
2 0.721875 0.825 0.0625 0.1
2 0.61171875 0.7296875 0.0546875 0.0828125
2 0.5640625 0.72890625 0.0453125 0.0796875
2 0.42890625 0.91796875 0.0453125 0.0953125
2 0.5703125 0.953125 0.059375 0.09375
2 0.0796875 0.8328125 0.075 0.1125