1 0.13515625 0.1125 0.06328125 0.10546875
1 0.02421875 0.25390625 0.0421875 0.08359375
1 0.26640625 0.32578125 0.03984375 0.065625
1 0.3765625 0.32109375 0.03828125 0.065625
1 0.4140625 0.14921875 0.0484375 0.11015625
1 0.5234375 0.17109375 0.0421875 0.10078125
1 0.6609375 0.225 0.046875 0.08359375
1 0.71328125 0.23125 0.04296875 0.078125
1 0.81875 0.24609375 0.04453125 0.0625
1 0.890625 0.2765625 0.03515625 0.0625
1 0.9328125 0.27265625 0.03984375 0.0625
1 0.7734375 0.29921875 0.0234375 0.0515625