1 0.31953125 0.25078125 0.0390625 0.0453125
1 0.3109375 0.77265625 0.13515625 0.15625
1 0.07734375 0.94296875 0.1296875 0.1140625
1 0.490625 0.64453125 0.08046875 0.10546875
1 0.69140625 0.5921875 0.0890625 0.10625
1 0.7578125 0.20078125 0.0421875 0.0421875
1 0.59609375 0.16484375 0.04140625 0.0375
1 0.5 0.15 0.0359375 0.034375
1 0.40078125 0.1234375 0.0328125 0.04609375
1 0.421875 0.25625 0.05078125 0.0453125
1 0.56640625 0.3875 0.0484375 0.05390625
2 0.4484375 0.46953125 0.0484375 0.0515625
2 0.66640625 0.21015625 0.03828125 0.0453125
2 0.84765625 0.35234375 0.0390625 0.040625
1 0.19375 0.8171875 0.0703125 0.06875