1 0.159375 0.675 0.1125 0.1265625
1 0.03984375 0.5703125 0.0796875 0.084375
1 0.23125 0.52109375 0.0984375 0.10625
1 0.3609375 0.51875 0.1015625 0.121875
1 0.45546875 0.378125 0.0875 0.0984375
1 0.5390625 0.43984375 0.0953125 0.1
1 0.7296875 0.59453125 0.1921875 0.209375
1 0.8140625 0.4359375 0.1875 0.209375
1 0.89296875 0.290625 0.103125 0.128125
1 0.78046875 0.08046875 0.071875 0.08125
1 0.7078125 0.1515625 0.09375 0.1015625
1 0.61953125 0.29921875 0.1140625 0.1296875
1 0.50234375 0.17421875 0.0734375 0.0859375
1 0.36640625 0.246875 0.053125 0.0703125
1 0.2453125 0.2515625 0.0828125 0.090625
1 0.15234375 0.35390625 0.084375 0.084375
1 0.04296875 0.33671875 0.0859375 0.1015625