1 0.31484375 0.0375 0.0828125 0.075
1 0.43671875 0.10546875 0.075 0.075
1 0.4890625 0.16484375 0.065625 0.065625
1 0.60546875 0.25234375 0.0671875 0.0671875
1 0.6421875 0.27890625 0.046875 0.046875
1 0.6734375 0.296875 0.0375 0.0390625
1 0.6625 0.34765625 0.0703125 0.0703125
1 0.65390625 0.45234375 0.1015625 0.1015625
1 0.72578125 0.55 0.115625 0.115625
1 0.828125 0.58046875 0.1015625 0.103125
1 0.93671875 0.48828125 0.0765625 0.0765625
1 0.8390625 0.759375 0.1578125 0.1578125
2 0.815625 0.41484375 0.0765625 0.078125