1 0.3671875 0.46953125 0.109375 0.1859375
1 0.33671875 0.26015625 0.1 0.1375
1 0.6875 0.66171875 0.09375 0.15
1 0.5984375 0.51015625 0.0890625 0.1515625
0 0.2296875 0.27890625 0.0515625 0.0765625
2 0.93671875 0.41796875 0.059375 0.1015625
1 0.8609375 0.27421875 0.0359375 0.06875
2 0.90625 0.29375 0.05 0.0875
1 0.9703125 0.828125 0.059375 0.20625
2 0.46953125 0.22109375 0.0609375 0.08125
2 0.70625 0.15546875 0.059375 0.096875
2 0.89921875 0.13125 0.0609375 0.0875
1 0.6578125 0.225 0.0625 0.078125
2 0.05390625 0.30859375 0.0453125 0.0671875
2 0.55859375 0.38359375 0.053125 0.0890625