1 0.67578125 0.4171875 0.128125 0.1171875
1 0.82109375 0.48203125 0.0890625 0.1046875
1 0.2484375 0.92578125 0.15 0.1484375
1 0.47890625 0.34921875 0.1171875 0.1359375
2 0.38671875 0.71640625 0.1390625 0.1
2 0.06640625 0.5546875 0.0984375 0.0875
2 0.19609375 0.16796875 0.075 0.0734375
2 0.0578125 0.184375 0.065625 0.0703125
2 0.5953125 0.12109375 0.075 0.06875
2 0.54921875 0.26484375 0.0578125 0.0640625
2 0.83125 0.12109375 0.0515625 0.046875
1 0.11015625 0.13984375 0.0640625 0.065625
2 0.4078125 0.1734375 0.0625 0.0734375