1 0.1390625 0.37421875 0.21875 0.2234375
1 0.33828125 0.65703125 0.1921875 0.190625
1 0.49609375 0.89375 0.20625 0.203125
1 0.65 0.90234375 0.146875 0.15
1 0.3796875 0.81015625 0.1203125 0.1265625
1 0.6453125 0.54609375 0.1046875 0.115625
1 0.72734375 0.5453125 0.1 0.1109375
1 0.5625 0.409375 0.0625 0.0765625
1 0.63046875 0.3796875 0.0828125 0.0890625
1 0.5015625 0.44140625 0.078125 0.0734375
1 0.66875 0.2640625 0.046875 0.0515625
1 0.71171875 0.30546875 0.04375 0.05
1 0.7984375 0.3171875 0.0640625 0.0671875
1 0.7921875 0.2609375 0.05 0.0546875
1 0.8828125 0.2890625 0.05 0.05
1 0.72734375 0.2390625 0.040625 0.040625