1 0.33359375 0.6328125 0.1828125 0.178125
1 0.51328125 0.43828125 0.0953125 0.096875
1 0.7671875 0.3078125 0.0859375 0.0921875
1 0.8078125 0.23984375 0.0421875 0.05
1 0.86015625 0.19453125 0.0484375 0.0546875
1 0.69453125 0.334375 0.0453125 0.0515625
1 0.63515625 0.31171875 0.04375 0.0515625
1 0.3609375 0.44140625 0.04375 0.0515625
1 0.42890625 0.48046875 0.0640625 0.071875
1 0.09765625 0.615625 0.0640625 0.075
1 0.2 0.4890625 0.053125 0.065625
1 0.19765625 0.56953125 0.05625 0.0625
1 0.1359375 0.509375 0.040625 0.0453125