1 0.5203125 0.909375 0.165625 0.1640625
1 0.775 0.853125 0.1140625 0.11875
1 0.79921875 0.70859375 0.090625 0.1109375
1 0.6671875 0.525 0.0984375 0.1109375
1 0.7546875 0.446875 0.0796875 0.0859375
1 0.57109375 0.503125 0.1 0.1078125
1 0.51796875 0.6484375 0.08125 0.0921875
1 0.39453125 0.5796875 0.0984375 0.109375
1 0.4546875 0.4828125 0.0875 0.090625
1 0.33515625 0.4296875 0.078125 0.0734375
1 0.20859375 0.77734375 0.0921875 0.1109375
1 0.15703125 0.41015625 0.059375 0.0625
1 0.8296875 0.396875 0.084375 0.06875
1 0.47578125 0.2984375 0.065625 0.06875
1 0.35625 0.23671875 0.05625 0.0640625
1 0.346875 0.284375 0.065625 0.0734375
1 0.40234375 0.21484375 0.0671875 0.0796875
1 0.2484375 0.36953125 0.0609375 0.075
2 0.40234375 0.8796875 0.096875 0.109375
2 0.29296875 0.7984375 0.103125 0.109375
2 0.15078125 0.60390625 0.10625 0.1015625
2 0.09921875 0.46484375 0.084375 0.090625
2 0.23671875 0.453125 0.0765625 0.075
2 0.5109375 0.203125 0.0875 0.0828125
2 0.5359375 0.09140625 0.0640625 0.0578125
2 0.6625 0.1875 0.065625 0.0625
2 0.9578125 0.5953125 0.084375 0.09375