1 0.36328125 0.40234375 0.0609375 0.06875
1 0.47265625 0.46875 0.0609375 0.0765625
1 0.56796875 0.50546875 0.0625 0.06875
1 0.71484375 0.53671875 0.0546875 0.065625
1 0.83828125 0.57265625 0.0609375 0.075
1 0.97109375 0.44296875 0.0578125 0.0765625
1 0.8359375 0.37578125 0.0515625 0.0609375
1 0.74765625 0.34921875 0.06875 0.071875
1 0.678125 0.32734375 0.0703125 0.0859375
1 0.58125 0.2703125 0.0671875 0.071875
1 0.51796875 0.26015625 0.065625 0.084375
1 0.41484375 0.196875 0.06875 0.078125
1 0.3359375 0.1984375 0.059375 0.0640625
1 0.23046875 0.1546875 0.0609375 0.075
1 0.140625 0.1359375 0.0625 0.0625
1 0.0796875 0.11015625 0.046875 0.075
1 0.04609375 0.3125 0.05 0.0625
1 0.146875 0.3296875 0.071875 0.0765625
1 0.28046875 0.38828125 0.04375 0.0609375
1 0.384375 0.625 0.084375 0.0890625
1 0.51640625 0.67890625 0.084375 0.0890625
1 0.6390625 0.68828125 0.0875 0.084375
1 0.74140625 0.81484375 0.090625 0.090625
1 0.8890625 0.88984375 0.075 0.103125
1 0.95625 0.63671875 0.059375 0.0984375
1 0.9421875 0.26796875 0.053125 0.071875
1 0.8375 0.21796875 0.065625 0.071875
1 0.74375 0.21875 0.065625 0.075
1 0.628125 0.16953125 0.0578125 0.0578125
1 0.7140625 0.09765625 0.0453125 0.065625
1 0.809375 0.1203125 0.0484375 0.0609375
1 0.8828125 0.12578125 0.0515625 0.0546875
1 0.546875 0.12265625 0.046875 0.065625
1 0.584375 0.06484375 0.05 0.0625
1 0.67734375 0.04765625 0.040625 0.0515625
1 0.5234375 0.0578125 0.04375 0.046875
1 0.4609375 0.03125 0.046875 0.0625
1 0.38046875 0.01796875 0.0515625 0.0359375
1 0.39375 0.121875 0.05 0.065625
1 0.27578125 0.08984375 0.05 0.0640625
1 0.26484375 0.015625 0.0453125 0.03125
1 0.18828125 0.04296875 0.0484375 0.05625
1 0.10625 0.51015625 0.0828125 0.0796875
1 0.178125 0.521875 0.059375 0.0796875
1 0.22421875 0.546875 0.05625 0.0796875
1 0.4359375 0.89609375 0.096875 0.0890625
1 0.265625 0.82421875 0.0953125 0.09375
1 0.1578125 0.7765625 0.0953125 0.0921875
1 0.040625 0.7578125 0.08125 0.09375