1 0.06171875 0.49453125 0.1234375 0.2734375
1 0.21875 0.4734375 0.153125 0.15625
1 0.415625 0.47421875 0.134375 0.1328125
1 0.56015625 0.490625 0.178125 0.184375
1 0.6546875 0.54609375 0.134375 0.1359375
1 0.76484375 0.61953125 0.1109375 0.1140625
1 0.89609375 0.73515625 0.115625 0.1203125
1 0.42421875 0.96015625 0.1796875 0.0796875
2 0.39921875 0.30078125 0.0765625 0.078125
1 0.98671875 0.5140625 0.0265625 0.0875
2 0.84375 0.32421875 0.0796875 0.0765625
1 0.69453125 0.15078125 0.053125 0.053125
1 0.959375 0.5046875 0.078125 0.08125