1 0.071875 0.07734375 0.0328125 0.02890625
1 0.15625 0.06328125 0.04375 0.03125
1 0.15 0.17734375 0.0359375 0.02734375
1 0.07109375 0.2125 0.0359375 0.03671875
1 0.0375 0.371875 0.03125 0.0234375
1 0.08125 0.30234375 0.03203125 0.0375
1 0.10546875 0.4171875 0.034375 0.02890625
1 0.10234375 0.4921875 0.0359375 0.03515625
1 0.1734375 0.60546875 0.04765625 0.04375
1 0.165625 0.525 0.0359375 0.03671875
1 0.24140625 0.3171875 0.0375 0.03359375
1 0.125 0.8109375 0.04296875 0.0421875
1 0.14765625 0.9375 0.0421875 0.04921875
1 0.25390625 0.8828125 0.0453125 0.04375
1 0.378125 0.83203125 0.05234375 0.0484375
1 0.4390625 0.5703125 0.03984375 0.04765625
1 0.3265625 0.515625 0.03984375 0.04140625
1 0.34921875 0.36953125 0.03125 0.02734375
1 0.30546875 0.23828125 0.03515625 0.03359375
1 0.28125 0.1671875 0.03125 0.03359375
1 0.31171875 0.0921875 0.03203125 0.03046875
1 0.4296875 0.040625 0.03046875 0.0265625
1 0.50078125 0.109375 0.03046875 0.02578125
1 0.52734375 0.16015625 0.0296875 0.03046875
1 0.59296875 0.12109375 0.02734375 0.0265625
1 0.56484375 0.2109375 0.03125 0.0296875
1 0.54765625 0.49609375 0.03828125 0.05
1 0.596875 0.409375 0.02734375 0.034375
1 0.63359375 0.259375 0.03203125 0.03515625
1 0.8375 0.121875 0.02734375 0.0296875
1 0.7859375 0.05703125 0.03125 0.03125
1 0.6625 0.19921875 0.03125 0.0296875
1 0.7703125 0.3859375 0.02890625 0.0328125
1 0.79765625 0.55625 0.03125 0.040625
1 0.71484375 0.8046875 0.0390625 0.0328125
1 0.95625 0.74921875 0.04375 0.0296875
1 0.89765625 0.50703125 0.0375 0.0328125
1 0.9171875 0.69609375 0.02578125 0.03671875
1 0.9578125 0.3578125 0.03671875 0.02734375
2 0.92421875 0.06953125 0.02421875 0.02109375
1 0.81875 0.03203125 0.0390625 0.025