1 0.1640625 0.65703125 0.09296875 0.08671875
1 0.33671875 0.534375 0.07578125 0.07890625
1 0.57109375 0.44140625 0.075 0.0796875
1 0.42265625 0.321875 0.0578125 0.075
1 0.23828125 0.16171875 0.04921875 0.05625
1 0.54609375 0.26640625 0.0421875 0.0609375
1 0.64921875 0.259375 0.071875 0.071875
1 0.81640625 0.1703125 0.04375 0.0609375
1 0.85625 0.046875 0.03515625 0.04453125
1 0.5578125 0.09296875 0.03515625 0.034375
1 0.4609375 0.06640625 0.02734375 0.03046875
1 0.403125 0.040625 0.02734375 0.02734375
1 0.90078125 0.08203125 0.03828125 0.03828125
1 0.7875 0.05 0.03046875 0.03828125
2 0.7546875 0.1421875 0.03671875 0.03046875
1 0.2703125 0.11484375 0.040625 0.05