1 0.26484375 0.27890625 0.05 0.0515625
1 0.08359375 0.22578125 0.065625 0.0546875
1 0.2015625 0.11015625 0.040625 0.040625
1 0.3828125 0.08828125 0.028125 0.03125
1 0.42265625 0.153125 0.0515625 0.04375
1 0.46953125 0.0921875 0.0390625 0.034375
1 0.5375 0.10390625 0.0453125 0.0359375
1 0.52109375 0.365625 0.0625 0.06875
1 0.62734375 0.28046875 0.0609375 0.0578125
1 0.68125 0.14609375 0.0453125 0.0359375
1 0.765625 0.07578125 0.03125 0.034375
1 0.97109375 0.12109375 0.0359375 0.034375
1 0.61640625 0.04765625 0.0265625 0.0203125
2 0.609375 0.1125 0.0234375 0.021875
2 0.70703125 0.0875 0.034375 0.0265625
2 0.896875 0.08359375 0.0296875 0.034375