1 0.15078125 0.53671875 0.1203125 0.1140625
1 0.0921875 0.37890625 0.071875 0.071875
1 0.45390625 0.709375 0.1265625 0.1203125
1 0.7015625 0.82109375 0.1296875 0.1296875
1 0.9203125 0.69140625 0.0796875 0.08125
1 0.5171875 0.49453125 0.0625 0.06875
1 0.56171875 0.52421875 0.05625 0.0640625
1 0.39609375 0.46796875 0.0640625 0.084375
1 0.34609375 0.49765625 0.05625 0.0578125
1 0.246875 0.525 0.05625 0.06875
1 0.16796875 0.3078125 0.053125 0.053125
1 0.4125 0.3640625 0.040625 0.0453125
1 0.75703125 0.4453125 0.0484375 0.0484375
1 0.63828125 0.4421875 0.0375 0.0453125
2 0.4265625 0.5515625 0.08125 0.08125
2 0.81328125 0.63984375 0.0953125 0.0890625