1 0.4859375 0.428125 0.0640625 0.090625
1 0.4421875 0.22890625 0.0984375 0.1171875
1 0.21484375 0.26875 0.071875 0.1
1 0.2828125 0.54765625 0.0828125 0.1015625
1 0.05 0.40390625 0.0734375 0.090625
0 0.21953125 0.8203125 0.071875 0.090625
1 0.1921875 0.92421875 0.0953125 0.125
1 0.1265625 0.9828125 0.096875 0.034375
1 0.6421875 0.88671875 0.10625 0.11875
1 0.63828125 0.4609375 0.075 0.1203125
1 0.603125 0.1984375 0.084375 0.1109375
1 0.6984375 0.19609375 0.084375 0.1046875
1 0.75 0.09140625 0.071875 0.0875
1 0.85546875 0.23671875 0.090625 0.1296875
1 0.9484375 0.58671875 0.103125 0.1390625
1 0.56953125 0.7890625 0.078125 0.103125
2 0.10625 0.5453125 0.0859375 0.1125