1 0.06796875 0.50859375 0.0875 0.09375
1 0.01484375 0.5578125 0.0296875 0.08125
1 0.303125 0.54140625 0.059375 0.0703125
1 0.38671875 0.46484375 0.0578125 0.0671875
1 0.31015625 0.465625 0.059375 0.0625
1 0.61484375 0.246875 0.0609375 0.0703125
1 0.56875 0.34375 0.05625 0.065625
1 0.50859375 0.36484375 0.0609375 0.0703125
1 0.35 0.7171875 0.0671875 0.0734375
2 0.1796875 0.50234375 0.0671875 0.075
2 0.26484375 0.4671875 0.0484375 0.053125
2 0.33828125 0.4390625 0.0453125 0.059375
2 0.47265625 0.38828125 0.0671875 0.078125
1 0.41875 0.428125 0.059375 0.0734375