1 0.1453125 0.6421875 0.1921875 0.2
1 0.48125 0.725 0.171875 0.16875
1 0.75546875 0.79921875 0.1859375 0.178125
1 0.87734375 0.70546875 0.128125 0.134375
1 0.6125 0.81328125 0.1046875 0.1140625
1 0.63984375 0.43984375 0.0875 0.10625
1 0.7015625 0.38515625 0.0828125 0.103125
1 0.4875 0.390625 0.05 0.0734375
1 0.51953125 0.32421875 0.0703125 0.0828125
1 0.46328125 0.4546875 0.071875 0.0625
1 0.47265625 0.2109375 0.040625 0.0484375
1 0.53203125 0.2140625 0.0359375 0.046875
1 0.6046875 0.16640625 0.0546875 0.0625
1 0.5640625 0.12734375 0.0421875 0.0515625
1 0.65078125 0.0890625 0.0453125 0.04375
1 0.5 0.15390625 0.0359375 0.0359375