1 0.378125 0.43828125 0.0984375 0.18125
1 0.4 0.228125 0.0921875 0.1328125
1 0.64296875 0.70234375 0.0859375 0.1453125
1 0.59296875 0.53359375 0.0796875 0.146875
0 0.29140625 0.21953125 0.046875 0.0734375
2 0.94375 0.5265625 0.053125 0.0984375
1 0.90546875 0.36875 0.0328125 0.0671875
2 0.94375 0.3984375 0.0453125 0.0859375
1 0.90546875 0.91953125 0.1078125 0.1609375
2 0.5375 0.221875 0.05625 0.0796875
2 0.78359375 0.215625 0.053125 0.09375
2 0.97421875 0.23828125 0.0515625 0.0859375
1 0.7203125 0.27109375 0.0578125 0.075
2 0.11328125 0.20625 0.0421875 0.065625
2 0.584375 0.4015625 0.046875 0.0875