1 0.125 0.571875 0.1640625 0.1734375
1 0.4390625 0.7171875 0.15 0.14375
1 0.69296875 0.84296875 0.1609375 0.1515625
1 0.83046875 0.7734375 0.109375 0.1171875
1 0.55078125 0.82890625 0.0875 0.1
1 0.64921875 0.4671875 0.071875 0.0953125
1 0.71953125 0.42578125 0.0671875 0.0921875
1 0.50859375 0.390625 0.0375 0.06875
1 0.55234375 0.33125 0.0578125 0.075
1 0.47265625 0.4484375 0.0640625 0.0515625
1 0.528125 0.21171875 0.0328125 0.04375
1 0.5859375 0.22578125 0.028125 0.0421875
1 0.66640625 0.1921875 0.046875 0.0546875
1 0.63359375 0.146875 0.034375 0.0453125
1 0.72578125 0.12578125 0.0390625 0.0375
1 0.56640625 0.16015625 0.03125 0.03125