1 0.34609375 0.8515625 0.04375 0.04375
1 0.4546875 0.8625 0.0421875 0.0421875
1 0.5015625 0.98125 0.05625 0.0375
1 0.6890625 0.97890625 0.046875 0.0421875
1 0.7328125 0.97578125 0.040625 0.0375
1 0.82265625 0.8265625 0.034375 0.0359375
1 0.86015625 0.765625 0.0359375 0.0359375
1 0.63828125 0.65625 0.0375 0.0359375
1 0.453125 0.78125 0.0453125 0.04375
1 0.56953125 0.57265625 0.0359375 0.0359375
1 0.4265625 0.56875 0.0375 0.0375
1 0.434375 0.521875 0.034375 0.0359375
1 0.325 0.55 0.040625 0.040625
1 0.29296875 0.6140625 0.034375 0.0375
1 0.3125 0.6421875 0.0453125 0.0453125
1 0.2046875 0.65234375 0.0421875 0.040625
1 0.04765625 0.7609375 0.0484375 0.05
1 0.19765625 0.834375 0.04375 0.04375
1 0.2328125 0.47734375 0.0328125 0.0375
1 0.284375 0.45234375 0.0375 0.0359375
1 0.09375 0.2390625 0.034375 0.0359375
1 0.1484375 0.25390625 0.0265625 0.0265625
1 0.19453125 0.290625 0.0359375 0.0359375
1 0.24609375 0.203125 0.03125 0.03125
1 0.34453125 0.29765625 0.03125 0.0328125
1 0.43203125 0.3109375 0.028125 0.0296875
1 0.49140625 0.26171875 0.034375 0.034375
1 0.5625 0.2 0.0265625 0.0265625
1 0.49921875 0.1625 0.0296875 0.0328125
1 0.30078125 0.03515625 0.028125 0.03125
1 0.521875 0.075 0.0203125 0.0203125
1 0.4796875 0.07734375 0.0234375 0.0234375
1 0.55 0.0625 0.0203125 0.021875
1 0.6421875 0.13046875 0.028125 0.0296875
1 0.62890625 0.0796875 0.01875 0.0203125
1 0.59609375 0.0484375 0.0203125 0.021875
1 0.68125 0.19375 0.0265625 0.0296875
1 0.54765625 0.33359375 0.0265625 0.028125
1 0.55390625 0.38125 0.0265625 0.0296875
1 0.59296875 0.42109375 0.034375 0.0359375
1 0.6546875 0.36328125 0.021875 0.021875
1 0.62421875 0.40546875 0.025 0.0265625
1 0.63828125 0.4703125 0.028125 0.0265625
1 0.7015625 0.49609375 0.0265625 0.0265625
1 0.703125 0.58359375 0.034375 0.0328125
1 0.7 0.54921875 0.034375 0.03125
1 0.74375 0.53984375 0.034375 0.034375
1 0.89140625 0.59375 0.03125 0.03125
1 0.86875 0.503125 0.025 0.0265625
1 0.8671875 0.4234375 0.025 0.025
1 0.94296875 0.4546875 0.0328125 0.03125
1 0.91015625 0.4984375 0.025 0.028125
1 0.95234375 0.57265625 0.0296875 0.028125
1 0.8875 0.66171875 0.0296875 0.03125
1 0.98671875 0.41015625 0.021875 0.0234375
1 0.946875 0.39140625 0.0296875 0.03125
1 0.76171875 0.30234375 0.0296875 0.0296875
1 0.734375 0.18984375 0.025 0.025
1 0.63671875 0.2859375 0.028125 0.0265625
1 0.909375 0.5453125 0.0375 0.0375
1 0.51640625 0.46484375 0.0296875 0.03125
1 0.39453125 0.3953125 0.040625 0.0421875
1 0.4734375 0.41484375 0.034375 0.0359375
2 0.1375 0.44609375 0.0328125 0.0328125
2 0.12890625 0.365625 0.0359375 0.0359375
2 0.33984375 0.35234375 0.0359375 0.0375
2 0.296875 0.1390625 0.0296875 0.028125
2 0.40390625 0.20703125 0.034375 0.0359375
2 0.49765625 0.20625 0.0296875 0.0296875
2 0.44921875 0.20625 0.0296875 0.03125
2 0.7921875 0.29453125 0.0234375 0.0234375
1 0.83203125 0.3578125 0.0265625 0.0265625
2 0.88515625 0.3234375 0.028125 0.0328125