1 0.11796875 0.29765625 0.06015625 0.0734375
1 0.03046875 0.30625 0.0421875 0.0703125
1 0.3078125 0.440625 0.03359375 0.0625
1 0.41796875 0.4140625 0.03359375 0.05859375
1 0.35078125 0.378125 0.0421875 0.04765625
1 0.7234375 0.334375 0.03515625 0.0609375
1 0.6359375 0.396875 0.034375 0.05546875
1 0.57265625 0.3859375 0.03515625 0.0609375
1 0.26328125 0.6171875 0.04296875 0.06015625
2 0.21875 0.346875 0.0421875 0.0625
2 0.31015625 0.35703125 0.03125 0.04296875
2 0.38828125 0.36796875 0.021875 0.05546875
2 0.53046875 0.3890625 0.03984375 0.0671875
1 0.4640625 0.39765625 0.03203125 0.065625