1 0.11796875 0.528125 0.07734375 0.10390625
1 0.04765625 0.38515625 0.059375 0.0671875
1 0.24453125 0.41484375 0.0703125 0.0859375
1 0.36484375 0.46328125 0.065625 0.10390625
1 0.50625 0.3703125 0.06015625 0.08125
1 0.559375 0.46015625 0.06953125 0.0796875
1 0.67421875 0.6765625 0.1375 0.16953125
1 0.8140625 0.5640625 0.13046875 0.17265625
1 0.94375 0.4609375 0.06484375 0.11171875
1 0.921875 0.2234375 0.05 0.0671875
1 0.82734375 0.26015625 0.06796875 0.08125
1 0.68828125 0.36171875 0.078125 0.10703125
1 0.6296875 0.20078125 0.05 0.071875
1 0.47578125 0.21484375 0.03203125 0.0625
1 0.3625 0.171875 0.059375 0.0734375
1 0.23671875 0.2296875 0.06484375 0.0640625
1 0.140625 0.1703125 0.06328125 0.0828125