1 0.45859375 0.2859375 0.0375 0.0640625
1 0.5296875 0.4484375 0.040625 0.06875
1 0.56015625 0.09765625 0.040625 0.075
1 0.51015625 0.1015625 0.0328125 0.0703125
2 0.25234375 0.1046875 0.05 0.0625
2 0.2359375 0.234375 0.0484375 0.0703125
2 0.21640625 0.3546875 0.040625 0.0703125
2 0.1703125 0.390625 0.046875 0.071875
2 0.16640625 0.49296875 0.0609375 0.1
2 0.13984375 0.64375 0.0484375 0.0734375
2 0.0265625 0.61796875 0.053125 0.0859375
2 0.040625 0.515625 0.0421875 0.06875
2 0.06640625 0.38203125 0.059375 0.0984375
2 0.09765625 0.23046875 0.065625 0.0921875
2 0.16484375 0.0703125 0.04375 0.0890625
2 0.2765625 0.040625 0.05 0.08125
2 0.44375 0.1140625 0.040625 0.0765625
2 0.49375 0.20234375 0.0359375 0.0640625
2 0.5765625 0.2328125 0.0421875 0.0640625
2 0.61953125 0.2671875 0.0421875 0.065625
2 0.66796875 0.25 0.0375 0.0609375
2 0.66171875 0.15546875 0.0375 0.065625
2 0.6234375 0.12109375 0.0421875 0.0734375
2 0.75078125 0.18203125 0.04375 0.071875
2 0.7296875 0.2828125 0.0515625 0.0828125
2 0.6578125 0.35234375 0.05625 0.1015625
2 0.7109375 0.38125 0.0421875 0.0625
2 0.7375 0.44140625 0.040625 0.075
2 0.7375 0.54296875 0.0515625 0.0875
2 0.65234375 0.55390625 0.0375 0.0703125
2 0.54296875 0.66328125 0.040625 0.0734375
2 0.45546875 0.63671875 0.0484375 0.0796875
2 0.4265625 0.5609375 0.04375 0.0859375
2 0.46484375 0.4625 0.0453125 0.0859375
2 0.71796875 0.67109375 0.0625 0.09375
2 0.7390625 0.8125 0.0578125 0.0984375
2 0.6234375 0.7234375 0.0515625 0.08125
2 0.57578125 0.72578125 0.0421875 0.0796875
2 0.45078125 0.92109375 0.040625 0.0953125
2 0.59453125 0.95 0.05625 0.0921875
2 0.09765625 0.8546875 0.0703125 0.1109375