1 0.46328125 0.90859375 0.1546875 0.1515625
1 0.7234375 0.88828125 0.10625 0.1125
1 0.7671875 0.7484375 0.0796875 0.10625
1 0.66171875 0.5484375 0.090625 0.1046875
1 0.76015625 0.4828125 0.071875 0.08125
1 0.5703125 0.51328125 0.0921875 0.103125
1 0.496875 0.65 0.075 0.0875
1 0.384375 0.5640625 0.090625 0.1046875
1 0.45703125 0.4765625 0.08125 0.084375
1 0.346875 0.4078125 0.0734375 0.06875
1 0.17265625 0.73359375 0.0828125 0.10625
1 0.17265625 0.36328125 0.0546875 0.059375
1 0.84140625 0.44375 0.0828125 0.0625
1 0.50390625 0.296875 0.0609375 0.065625
1 0.39453125 0.21953125 0.0515625 0.0625
1 0.37890625 0.265625 0.0609375 0.0703125
1 0.44296875 0.20390625 0.059375 0.078125
1 0.26875 0.33515625 0.0546875 0.071875
2 0.35078125 0.8625 0.0875 0.103125
2 0.253125 0.7671875 0.0953125 0.103125
2 0.13984375 0.5546875 0.1 0.09375
2 0.1078125 0.409375 0.078125 0.0859375
2 0.24609375 0.4171875 0.071875 0.06875
2 0.5515625 0.2078125 0.0828125 0.0765625
2 0.59296875 0.1 0.0609375 0.053125
2 0.7046875 0.21328125 0.0625 0.05625
2 0.94375 0.66015625 0.0859375 0.0875