1 0.365625 0.8875 0.128125 0.125
1 0.62265625 0.93046875 0.0859375 0.09375
1 0.69921875 0.80546875 0.05859375 0.0953125
1 0.6453125 0.5859375 0.0703125 0.090625
1 0.75625 0.54609375 0.05703125 0.06953125
1 0.56484375 0.5296875 0.07265625 0.0875
1 0.4609375 0.64453125 0.0578125 0.07578125
1 0.37265625 0.534375 0.0703125 0.08984375
1 0.4640625 0.4671875 0.065625 0.07109375
1 0.3734375 0.3734375 0.06171875 0.0546875
1 0.12578125 0.64765625 0.06171875 0.09453125
1 0.215625 0.28828125 0.04296875 0.05078125
1 0.84453125 0.528125 0.0734375 0.0453125
1 0.553125 0.30390625 0.04921875 0.0546875
1 0.465625 0.20234375 0.0390625 0.05390625
1 0.4390625 0.24296875 0.046875 0.0609375
1 0.51640625 0.19921875 0.04453125 0.06875
1 0.315625 0.284375 0.03984375 0.0640625
2 0.2671875 0.815625 0.06796875 0.08984375
2 0.19609375 0.69921875 0.07578125 0.0875
2 0.1375 0.465625 0.08359375 0.07578125
2 0.14140625 0.3171875 0.06171875 0.0734375
2 0.2734375 0.3578125 0.06015625 0.05625
2 0.62109375 0.22890625 0.0703125 0.0609375
2 0.68671875 0.134375 0.053125 0.04140625
2 0.76796875 0.27109375 0.053125 0.0453125
2 0.8921875 0.7625 0.0703125 0.071875