1 0.2578125 0.1828125 0.05390625 0.0625
1 0.34765625 0.2046875 0.05390625 0.06015625
1 0.49609375 0.43671875 0.065625 0.0765625
1 0.08359375 0.7375 0.14375 0.221875
1 0.7875 0.4953125 0.0828125 0.065625
1 0.928125 0.36171875 0.06328125 0.06171875
1 0.82265625 0.20390625 0.05859375 0.05546875
1 0.678125 0.15234375 0.06953125 0.0640625
2 0.55234375 0.27578125 0.0578125 0.05078125
2 0.421875 0.071875 0.0453125 0.05078125
2 0.58671875 0.2140625 0.04140625 0.040625
2 0.53359375 0.09921875 0.04140625 0.0546875
1 0.05078125 0.01953125 0.0578125 0.0390625