1 0.75546875 0.709375 0.16484375 0.22109375
1 0.521875 0.6375 0.04765625 0.1109375
1 0.528125 0.503125 0.046875 0.075
1 0.63515625 0.49140625 0.04296875 0.0921875
1 0.32109375 0.6796875 0.05703125 0.103125
1 0.421875 0.64453125 0.03359375 0.05390625
1 0.4390625 0.465625 0.034375 0.05859375
1 0.3296875 0.509375 0.03359375 0.04765625
1 0.1765625 0.53828125 0.065625 0.09375
1 0.23671875 0.5015625 0.04296875 0.06875
1 0.2953125 0.43671875 0.03359375 0.04453125
1 0.35546875 0.409375 0.02265625 0.04765625
1 0.04453125 0.48515625 0.02578125 0.04921875
1 0.1265625 0.55703125 0.0328125 0.05390625
1 0.11875 0.4265625 0.01953125 0.03828125
1 0.94921875 0.425 0.0609375 0.06015625
1 0.86796875 0.4453125 0.034375 0.05859375