1 0.346875 0.4296875 0.0515625 0.0625
1 0.4671875 0.475 0.0515625 0.0703125
1 0.56796875 0.4921875 0.053125 0.0625
1 0.71796875 0.4953125 0.0453125 0.059375
1 0.84609375 0.50625 0.05 0.06875
1 0.95703125 0.35390625 0.059375 0.06875
1 0.80625 0.3140625 0.04375 0.0546875
1 0.71484375 0.3046875 0.0609375 0.0640625
1 0.64140625 0.296875 0.0578125 0.078125
1 0.5359375 0.25859375 0.0578125 0.0640625
1 0.471875 0.26171875 0.0546875 0.0765625
1 0.35859375 0.21875 0.0578125 0.0703125
1 0.28125 0.23515625 0.0515625 0.0578125
1 0.1703125 0.2125 0.0515625 0.06875
1 0.07734375 0.2109375 0.05625 0.0546875
1 0.015625 0.19765625 0.03125 0.0703125
1 0.01953125 0.403125 0.0390625 0.05625
1 0.12109375 0.4 0.0625 0.0671875
1 0.2625 0.43203125 0.0359375 0.05625
1 0.41015625 0.64453125 0.0734375 0.078125
1 0.55 0.67265625 0.0734375 0.078125
1 0.67265625 0.6578125 0.0765625 0.0734375
1 0.796875 0.7625 0.078125 0.0796875
1 0.95625 0.80859375 0.0625 0.0953125
1 0.97421875 0.546875 0.046875 0.0921875
1 0.88984375 0.1875 0.04375 0.065625
1 0.77734375 0.15859375 0.05625 0.0640625
1 0.6859375 0.17734375 0.05625 0.0671875
1 0.5625 0.1515625 0.05 0.0515625
1 0.6328125 0.0640625 0.0359375 0.0609375
1 0.73125 0.06875 0.040625 0.0546875
1 0.80390625 0.059375 0.0453125 0.0484375
1 0.975 0.2078125 0.0421875 0.0671875
1 0.47421875 0.12109375 0.0390625 0.059375
1 0.5 0.05703125 0.0421875 0.05625
1 0.5875 0.02265625 0.034375 0.0453125
1 0.43828125 0.0609375 0.0375 0.040625
1 0.3734375 0.04765625 0.0390625 0.0578125
1 0.28984375 0.03828125 0.04375 0.053125
1 0.3234375 0.14921875 0.0421875 0.059375
1 0.2015625 0.140625 0.0421875 0.0578125
1 0.17421875 0.05625 0.0375 0.053125
1 0.09921875 0.0328125 0.0390625 0.0484375
1 0.10625 0.1109375 0.0421875 0.05
1 0.115625 0.58515625 0.0734375 0.06875
1 0.18828125 0.5828125 0.0484375 0.0734375
1 0.23828125 0.5984375 0.0453125 0.0734375
1 0.5125 0.9015625 0.0859375 0.0765625
1 0.33203125 0.86328125 0.084375 0.08125
1 0.21640625 0.83671875 0.084375 0.0796875
1 0.09296875 0.84140625 0.08125 0.08125