1 0.52734375 0.19375 0.059375 0.059375
1 0.178125 0.58203125 0.2046875 0.20625
1 0.3984375 0.603125 0.1296875 0.1328125
1 0.58359375 0.6953125 0.1375 0.1390625
1 0.890625 0.44296875 0.059375 0.059375
1 0.7921875 0.31015625 0.05625 0.0546875
1 0.7296875 0.2359375 0.05 0.05
1 0.671875 0.15078125 0.0546875 0.05625
1 0.60078125 0.26484375 0.06875 0.0671875
1 0.62421875 0.45859375 0.071875 0.071875
2 0.48125 0.44296875 0.0703125 0.0703125
2 0.815625 0.390625 0.059375 0.059375
2 0.859375 0.61640625 0.05625 0.05625
1 0.0609375 0.53828125 0.0984375 0.0984375