1 0.12734375 0.35078125 0.0578125 0.0671875
1 0.11953125 0.23515625 0.06875 0.0765625
1 0.26875 0.325 0.0796875 0.0796875
1 0.43359375 0.421875 0.0859375 0.090625
1 0.35234375 0.40703125 0.0578125 0.059375
1 0.38671875 0.60234375 0.115625 0.11875
1 0.7046875 0.82734375 0.2328125 0.2609375
1 0.65 0.6109375 0.059375 0.0625
1 0.59296875 0.5296875 0.0484375 0.05625
1 0.67109375 0.49453125 0.0375 0.0390625
1 0.7484375 0.94453125 0.109375 0.1109375
1 0.228125 0.203125 0.028125 0.0296875
1 0.36953125 0.2515625 0.028125 0.03125
1 0.3265625 0.2640625 0.0359375 0.0390625