1 0.04375 0.1828125 0.0515625 0.0421875
1 0.07109375 0.29375 0.0421875 0.0359375
1 0.0140625 0.35078125 0.028125 0.0453125
1 0.0203125 0.5125 0.0375 0.03125
1 0.04140625 0.43359375 0.0421875 0.0453125
1 0.0984375 0.5359375 0.040625 0.0375
1 0.1171875 0.60859375 0.0453125 0.04375
1 0.21875 0.69609375 0.0578125 0.05625
1 0.1875 0.621875 0.0453125 0.0453125
1 0.19921875 0.40078125 0.0453125 0.04375
1 0.23203125 0.90703125 0.053125 0.053125
1 0.3765625 0.93828125 0.05625 0.0546875
1 0.48046875 0.853125 0.0640625 0.0609375
1 0.4625 0.58515625 0.0515625 0.0578125
1 0.3390625 0.565625 0.05 0.0515625
1 0.31796875 0.41953125 0.0375 0.0359375
1 0.2375 0.30625 0.04375 0.0421875
1 0.19375 0.2453125 0.0390625 0.040625
1 0.20078125 0.16484375 0.0390625 0.0390625
1 0.2984375 0.08125 0.0375 0.034375
1 0.38671875 0.1265625 0.0359375 0.0328125
1 0.4265625 0.1671875 0.0375 0.0375
1 0.478125 0.11015625 0.034375 0.0328125
1 0.47734375 0.2046875 0.0390625 0.0375
1 0.54453125 0.48203125 0.0515625 0.059375
1 0.56640625 0.38515625 0.0359375 0.040625
1 0.55703125 0.23046875 0.040625 0.04375
1 0.7125 0.03984375 0.034375 0.0359375
1 0.64296875 0.00625 0.0390625 0.0125
1 0.5671875 0.16484375 0.0390625 0.0375
1 0.725 0.31171875 0.0375 0.0390625
1 0.80078125 0.46640625 0.0421875 0.0484375
1 0.79453125 0.72890625 0.046875 0.0421875
1 0.9921875 0.6046875 0.015625 0.040625
1 0.88203125 0.390625 0.0453125 0.0421875
1 0.95625 0.565625 0.0359375 0.0421875
1 0.89609375 0.23046875 0.04375 0.0375