1 0.740625 0.7265625 0.1796875 0.2328125
1 0.5125 0.6390625 0.0546875 0.1140625
1 0.528125 0.50546875 0.0515625 0.078125
1 0.63515625 0.50078125 0.05 0.0953125
1 0.309375 0.66640625 0.0640625 0.10625
1 0.41171875 0.6390625 0.0375 0.05625
1 0.44140625 0.46171875 0.0390625 0.0609375
1 0.3296875 0.49765625 0.0375 0.05
1 0.175 0.515625 0.071875 0.0984375
1 0.2375 0.4828125 0.0484375 0.071875
1 0.3 0.42265625 0.0359375 0.046875
1 0.3625 0.39921875 0.0265625 0.0484375
1 0.046875 0.453125 0.0296875 0.0515625
1 0.1234375 0.53046875 0.0359375 0.05625
1 0.125 0.4 0.021875 0.0390625
1 0.953125 0.45625 0.065625 0.0640625
1 0.87109375 0.47109375 0.0390625 0.0609375