1 0.5640625 0.0421875 0.0875 0.084375
1 0.425 0.17890625 0.0828125 0.0859375
1 0.309375 0.384375 0.0890625 0.0875
1 0.0328125 0.54140625 0.065625 0.0953125
0 0.09921875 0.50703125 0.075 0.078125
1 0.2234375 0.1515625 0.0875 0.090625
1 0.14921875 0.79921875 0.090625 0.09375
1 0.36484375 0.7265625 0.078125 0.078125
1 0.371875 0.809375 0.0875 0.084375
1 0.5328125 0.453125 0.075 0.0734375
1 0.61015625 0.31171875 0.08125 0.0796875
1 0.68671875 0.21640625 0.08125 0.075
1 0.75390625 0.40078125 0.096875 0.1
1 0.61640625 0.58515625 0.08125 0.0859375
1 0.82890625 0.4515625 0.0890625 0.0921875
1 0.9296875 0.43984375 0.0734375 0.0734375
1 0.97890625 0.346875 0.0421875 0.059375
1 0.9046875 0.60703125 0.0921875 0.0921875
1 0.76875 0.87265625 0.0875 0.084375
1 0.20234375 0.09375 0.065625 0.0671875