1 0.1296875 0.15234375 0.0734375 0.078125
1 0.29921875 0.36484375 0.0765625 0.078125
1 0.08828125 0.69375 0.0890625 0.09375
1 0.02265625 0.77890625 0.0453125 0.1265625
1 0.14921875 0.6203125 0.0546875 0.075
1 0.29921875 0.9109375 0.0796875 0.0859375
1 0.52578125 0.80703125 0.1 0.1125
1 0.48046875 0.71171875 0.0640625 0.065625
1 0.53203125 0.31875 0.071875 0.08125
1 0.55859375 0.11875 0.0890625 0.096875
1 0.334375 0.0765625 0.0703125 0.0828125
1 0.721875 0.15625 0.078125 0.0921875
1 0.815625 0.16484375 0.08125 0.084375
1 0.9 0.0984375 0.059375 0.0609375
1 0.94375 0.27265625 0.09375 0.1046875
1 0.6609375 0.421875 0.0765625 0.078125
1 0.91796875 0.646875 0.090625 0.0984375
1 0.090625 0.1 0.046875 0.065625