1 0.140625 0.58984375 0.1078125 0.103125
1 0.3328125 0.50234375 0.0890625 0.0921875
1 0.58125 0.45625 0.0890625 0.0921875
1 0.4578125 0.31015625 0.0703125 0.084375
1 0.3078125 0.11796875 0.059375 0.0640625
1 0.58984375 0.2796875 0.053125 0.0671875
1 0.6921875 0.2921875 0.084375 0.084375
1 0.8734375 0.23671875 0.0546875 0.06875
1 0.9359375 0.1234375 0.04375 0.05
1 0.634375 0.11171875 0.040625 0.040625
1 0.54453125 0.0671875 0.0328125 0.034375
1 0.4921875 0.03046875 0.0328125 0.0328125
1 0.9734375 0.16640625 0.0453125 0.0453125
1 0.86796875 0.11328125 0.0375 0.04375
2 0.81796875 0.19765625 0.0421875 0.0375
1 0.34765625 0.078125 0.05 0.05625