1 0.42734375 0.2 0.2140625 0.2421875
1 0.153125 0.27265625 0.1953125 0.2
1 0.30859375 0.04765625 0.0890625 0.0953125
1 0.59296875 0.06484375 0.1015625 0.1109375
1 0.55 0.32734375 0.13125 0.140625
1 0.47578125 0.7015625 0.134375 0.1453125
1 0.58984375 0.5171875 0.146875 0.153125
1 0.76875 0.58671875 0.1453125 0.159375
1 0.971875 0.36875 0.05625 0.078125
1 0.9828125 0.51015625 0.034375 0.1515625
1 0.909375 0.27890625 0.0703125 0.078125
1 0.8296875 0.19375 0.078125 0.0875
1 0.71640625 0.3765625 0.1078125 0.1125
1 0.64765625 0.315625 0.10625 0.11875