1 0.18828125 0.53515625 0.1140625 0.121875
1 0.06875 0.4671875 0.08125 0.0953125
1 0.228125 0.33828125 0.0734375 0.0828125
1 0.296875 0.31015625 0.071875 0.0640625
1 0.52109375 0.3546875 0.075 0.0875
1 0.66875 0.42890625 0.1234375 0.115625
1 0.834375 0.4671875 0.0921875 0.1140625
1 0.7640625 0.23671875 0.0796875 0.0875
1 0.38125 0.32421875 0.046875 0.0546875
1 0.44375 0.378125 0.065625 0.0609375
2 0.42578125 0.6921875 0.209375 0.23125
0 0.10234375 0.29921875 0.075 0.0875
1 0.06875 0.32265625 0.05 0.065625
2 0.38515625 0.203125 0.0515625 0.0515625