1 0.18984375 0.453125 0.09140625 0.10234375
1 0.0921875 0.35703125 0.06171875 0.0828125
1 0.27890625 0.2734375 0.05625 0.07109375
1 0.353125 0.2640625 0.0609375 0.05
1 0.5578125 0.36484375 0.05703125 0.075
1 0.68125 0.475 0.10234375 0.0921875
1 0.83125 0.5546875 0.06796875 0.1
1 0.8234375 0.3140625 0.0625 0.0734375
1 0.43125 0.29921875 0.0359375 0.046875
1 0.47734375 0.36796875 0.0546875 0.04921875
2 0.37890625 0.66640625 0.16484375 0.19453125
0 0.16796875 0.203125 0.0578125 0.07578125
1 0.1296875 0.2171875 0.0359375 0.0578125
2 0.465625 0.18359375 0.04296875 0.04140625