1 0.34453125 0.43515625 0.053125 0.0640625
1 0.46640625 0.47578125 0.053125 0.071875
1 0.5671875 0.48984375 0.0546875 0.0640625
1 0.71796875 0.4875 0.046875 0.0609375
1 0.84609375 0.49453125 0.053125 0.0703125
1 0.9515625 0.3375 0.0609375 0.0703125
1 0.79921875 0.30390625 0.0453125 0.05625
1 0.7078125 0.29765625 0.0625 0.065625
1 0.634375 0.2921875 0.0609375 0.0796875
1 0.52734375 0.2578125 0.0609375 0.065625
1 0.46328125 0.2625 0.05625 0.078125
1 0.3484375 0.22421875 0.0609375 0.071875
1 0.271875 0.24296875 0.053125 0.059375
1 0.16015625 0.22421875 0.053125 0.0703125
1 0.06796875 0.22578125 0.0578125 0.05625
1 0.0109375 0.2140625 0.021875 0.071875
1 0.01875 0.41953125 0.0375 0.0578125
1 0.11796875 0.41328125 0.065625 0.0703125
1 0.2609375 0.440625 0.0375 0.0578125
1 0.415625 0.64765625 0.0765625 0.08125
1 0.55625 0.67109375 0.0765625 0.08125
1 0.67734375 0.6515625 0.0796875 0.0765625
1 0.80546875 0.75234375 0.08125 0.0828125
1 0.96640625 0.7921875 0.065625 0.096875
1 0.975 0.5296875 0.05 0.09375
1 0.87890625 0.17421875 0.046875 0.0671875
1 0.765625 0.14921875 0.059375 0.065625
1 0.67421875 0.17109375 0.059375 0.06875
1 0.55078125 0.14921875 0.0515625 0.053125
1 0.61796875 0.059375 0.0390625 0.0625
1 0.71640625 0.0609375 0.0421875 0.05625
1 0.78828125 0.04921875 0.046875 0.05
1 0.9640625 0.19140625 0.04375 0.06875
1 0.4609375 0.121875 0.040625 0.0609375
1 0.484375 0.05703125 0.04375 0.0578125
1 0.57109375 0.02109375 0.0359375 0.0421875
1 0.4234375 0.06328125 0.0390625 0.0421875
1 0.3578125 0.05234375 0.040625 0.059375
1 0.2734375 0.0453125 0.0453125 0.0546875
1 0.31171875 0.15546875 0.04375 0.0609375
1 0.1890625 0.15078125 0.04375 0.059375
1 0.15859375 0.06796875 0.0390625 0.0546875
1 0.08359375 0.046875 0.040625 0.05
1 0.09296875 0.125 0.04375 0.0515625
1 0.11875 0.5984375 0.075 0.071875
1 0.19140625 0.59375 0.0515625 0.075
1 0.2421875 0.60703125 0.0484375 0.075
1 0.5265625 0.90078125 0.0875 0.0796875
1 0.34453125 0.86875 0.0875 0.084375
1 0.22890625 0.846875 0.0875 0.0828125
1 0.1046875 0.85546875 0.084375 0.084375