1 0.25703125 0.2875 0.0484375 0.04921875
1 0.07421875 0.240625 0.0640625 0.053125
1 0.18828125 0.12109375 0.03984375 0.0390625
1 0.36875 0.09296875 0.02734375 0.03046875
1 0.4109375 0.15625 0.05 0.0421875
1 0.45546875 0.09375 0.0375 0.03359375
1 0.5234375 0.103125 0.04375 0.034375
1 0.51640625 0.36484375 0.06015625 0.0671875
1 0.61953125 0.27578125 0.05859375 0.05625
1 0.66875 0.13984375 0.04375 0.03515625
1 0.75078125 0.06640625 0.03046875 0.03359375
1 0.9578125 0.1046875 0.03515625 0.0328125
1 0.60078125 0.04375 0.0265625 0.01953125
2 0.59609375 0.10859375 0.02265625 0.021875
2 0.6921875 0.08046875 0.0328125 0.025
2 0.88203125 0.0703125 0.028125 0.0328125