1 0.4703125 0.465625 0.06328125 0.0890625
1 0.76875 0.453125 0.09140625 0.1078125
1 0.53671875 0.3953125 0.053125 0.0734375
1 0.56640625 0.2515625 0.04375 0.084375
1 0.4703125 0.2234375 0.04296875 0.05625
1 0.3546875 0.41796875 0.05078125 0.059375
1 0.23984375 0.5546875 0.06484375 0.0890625
1 0.12109375 0.6015625 0.06875 0.1046875
1 0.37421875 0.8140625 0.09140625 0.1234375
1 0.15546875 0.44375 0.04296875 0.0671875
1 0.3078125 0.26171875 0.03046875 0.0484375
1 0.15078125 0.2515625 0.03828125 0.046875
1 0.1484375 0.35859375 0.028125 0.05
1 0.09296875 0.33828125 0.03828125 0.0625
1 0.22421875 0.20703125 0.028125 0.0484375
1 0.628125 0.34921875 0.04765625 0.059375
1 0.30390625 0.5359375 0.053125 0.0765625
0 0.26796875 0.3609375 0.04296875 0.0609375