1 0.43671875 0.29140625 0.03125 0.06171875
1 0.52421875 0.4453125 0.03359375 0.06484375
1 0.51796875 0.09375 0.03359375 0.07265625
1 0.46875 0.10234375 0.0265625 0.06796875
2 0.2125 0.1328125 0.04375 0.0578125
2 0.209375 0.26328125 0.04140625 0.06640625
2 0.203125 0.38515625 0.03359375 0.06640625
2 0.1609375 0.42578125 0.040625 0.06796875
2 0.1671875 0.528125 0.05078125 0.0953125
2 0.15703125 0.68046875 0.040625 0.06953125
2 0.03828125 0.6671875 0.05078125 0.08046875
2 0.04453125 0.56328125 0.03515625 0.06484375
2 0.05625 0.428125 0.04921875 0.09375
2 0.071875 0.27421875 0.05703125 0.0859375
2 0.121875 0.1078125 0.034375 0.0859375
2 0.23046875 0.06484375 0.04140625 0.08125
2 0.40390625 0.121875 0.03359375 0.07421875
2 0.4625 0.2046875 0.02890625 0.06171875
2 0.5484375 0.2265625 0.0359375 0.06015625
2 0.59453125 0.25625 0.0359375 0.06171875
2 0.640625 0.23359375 0.03203125 0.05859375
2 0.625 0.140625 0.03125 0.06328125
2 0.5828125 0.11015625 0.034375 0.06953125
2 0.71640625 0.1578125 0.03671875 0.06796875
2 0.70546875 0.26015625 0.04375 0.07890625
2 0.64140625 0.33671875 0.046875 0.096875
2 0.69765625 0.36015625 0.0359375 0.05859375
2 0.73046875 0.4171875 0.03359375 0.07265625
2 0.740625 0.51796875 0.04375 0.0828125
2 0.65703125 0.5375 0.03125 0.06796875
2 0.56015625 0.6578125 0.03359375 0.06953125
2 0.4703125 0.640625 0.040625 0.07578125
2 0.43359375 0.56796875 0.03515625 0.0828125
2 0.4609375 0.46640625 0.03671875 0.0828125
2 0.734375 0.64765625 0.053125 0.0890625
2 0.7703125 0.7859375 0.0484375 0.09375
2 0.64609375 0.709375 0.04296875 0.07734375
2 0.59921875 0.71640625 0.034375 0.07578125
2 0.4953125 0.92421875 0.03125 0.0921875
2 0.64140625 0.9375 0.046875 0.0875
2 0.13671875 0.89453125 0.059375 0.1046875