1 0.2921875 0.54609375 0.140625 0.12890625
1 0.5390625 0.45078125 0.06953125 0.07421875
1 0.82421875 0.44453125 0.059375 0.07421875
1 0.890625 0.40078125 0.025 0.04375
1 0.9578125 0.38359375 0.03203125 0.0453125
1 0.74765625 0.43671875 0.0296875 0.0421875
1 0.70390625 0.38984375 0.028125 0.04375
1 0.40078125 0.38671875 0.02578125 0.0453125
1 0.44453125 0.45078125 0.04296875 0.059375
1 0.0875 0.42734375 0.040625 0.06328125
1 0.23515625 0.35859375 0.0296875 0.059375
1 0.19765625 0.4296875 0.03828125 0.05
1 0.16875 0.3484375 0.028125 0.03671875