1 0.2671875 0.481300443650759 0.1703125 0.16006470258518862
1 0.55078125 0.42130738384147703 0.0875 0.08012785178688589
1 0.44453125 0.4068867395826956 0.0453125 0.04559634288963732
1 0.84296875 0.4679954055531258 0.0609375 0.05873301285158128
1 0.928125 0.4270255542605314 0.01875 0.022639003954332538
1 0.76796875 0.4452701713704565 0.0296875 0.029334672927693362
1 0.03125 0.48778916007611217 0.0625 0.11817167984777566
1 0.0734375 0.3196639011788636 0.05 0.061412343878220546
1 0.1921875 0.3367002094680899 0.0515625 0.05991351087441492
1 0.2453125 0.2759417815974805 0.0375 0.04371550790866543
1 0.41328125 0.32691007950658346 0.0296875 0.03245967292769345