1 0.3041556704190545 0.39036365072175305 0.0652376808363588 0.06973417984777566
1 0.46635724007698726 0.4619242688202613 0.0701161818249421 0.07461268083635879
1 0.2515585469205197 0.1831931378701718 0.07505834980971962 0.08105368182494202
1 0.21718620551375714 0.22013738095008958 0.06692751482874763 0.07292284684397003
2 0.03291267043764498 0.3971588428896374 0.06582534087528996 0.07474001482874763
2 0.10465839471589192 0.5043121096955513 0.07662084980971957 0.0811173488211363
2 0.17252237395564526 0.6056782915204934 0.0701798488211364 0.0761751808363588
2 0.16313544509645278 0.6632042900376186 0.07818334980971957 0.08118101581733086
2 0.22957884578102478 0.741818721368269 0.1043293557412186 0.11032468775644108
2 0.31198548608547344 0.870384073155155 0.07824701680591399 0.08274351581733086
2 0.2085938892415034 0.9303400519006167 0.09444501977166349 0.09744268577927499
2 0.15187565703600056 0.8435138725471326 0.07167868182494201 0.07467634783255335
2 0.08067843076199674 0.7279260232317046 0.10107702174882985 0.10707235376405215
2 0.025672526160273074 0.5952461744105682 0.05134505232054615 0.1061173488211363
2 0.02308071984821318 0.33164658942959624 0.04616143969642636 0.09141817885919253
2 0.17664477714885624 0.274046289543327 0.07662084980971957 0.08111734882113639
2 0.27318685471545445 0.30536922680547646 0.06361151384016442 0.06810801285158127
2 0.3551517791260226 0.2719293271094876 0.06842634783255316 0.07142401384016442
2 0.41009394711080016 0.26790767197629134 0.07005251482874755 0.0730501808363588
2 0.4330658734985347 0.22267342642491558 0.06517401384016441 0.06817167984777565
2 0.3653000533463103 0.15730841159616799 0.06686384783255317 0.07136034684397004
2 0.3128608028520188 0.15751931722365586 0.07336851581733077 0.07786501482874764
2 0.4491458127378506 0.11611967889637353 0.07499468281352506 0.07949118182494201
2 0.5010810444490618 0.20509860726127443 0.08800401878308044 0.09250051779449713
2 0.4954438566926208 0.30503494026508005 0.10114068874502422 0.10863485376405232
2 0.554737943650759 0.2902349526223697 0.06686384783255335 0.07136034684397004
2 0.6155016887078432 0.31618729897204817 0.07505834980971962 0.08105368182494202
2 0.6836667568829011 0.39095914729889303 0.08969385277546901 0.09568918479069159
2 0.6277722425484452 0.4567632194282837 0.0701161818249421 0.07461268083635879
2 0.6222504599252003 0.611482552926381 0.07336851581733086 0.07786501482874755
2 0.5400308675298546 0.6511724526223697 0.08312551779449713 0.08762201680591382
2 0.46718095794803405 0.6145545203031361 0.08318918479069168 0.08918451680591381
2 0.42812772821398914 0.5167099279077904 0.08481535178688589 0.09081068380210837
2 0.7559635681378769 0.4987663301124181 0.10107702174882985 0.10707235376405215
2 0.8673374668452827 0.588602104332706 0.10107702174883001 0.10707235376405233
2 0.7220422128909499 0.6014629071847247 0.08637785178688588 0.09087435079830275
2 0.6886102889746734 0.6345327337627398 0.07831068380210837 0.08430601581733085
2 0.7293467410283894 0.8639138276409604 0.08650518577927464 0.09399935079830257
2 0.8545642583285951 0.7868486033441228 0.09613485376405251 0.1006313527754692
2 0.4253874584051446 0.9958403765014653 0.11351867193911022 0.008319246997069384