1 0.2650250408406258 0.9158583322115958 0.24462543502986128 0.16828333557680822
1 0.3555740396063548 0.7528117290838104 0.15378222948277792 0.16686455423577745
1 0.4583139138470491 0.5715510203874642 0.14062761284152786 0.13837584138279588
1 0.548336888961424 0.4476936347315137 0.179509581306389 0.19884197994174038
1 0.650879354292153 0.392123247821922 0.1376117156150695 0.14297241316955062
1 0.7767502168493406 0.33254732251167046 0.11213893692972228 0.12193248746358769
1 0.9302012187492016 0.28392326906731585 0.071295731382639 0.11137542069139794
1 0.9353816408612851 0.8464914652272499 0.12923671827742994 0.12771112602253182
2 0.28538360049243094 0.4876664507122806 0.07845361474138901 0.08347774122451135
1 0.8054148518236112 0.05466401491068078 0.08582970364722228 0.06495506175762478
2 0.5369200781722571 0.0913527065182683 0.0845945119678472 0.0789720976510021
1 0.29500598831649316 0.1295955379384414 0.054361498100138926 0.054670779625171126
1 0.7678973212384028 0.08636264429842509 0.07856271751493064 0.08816524122451137