1 0.0663795739648327 0.6443216173217733 0.04887542069139796 0.06929544000636341
1 0.0066973147271256585 0.542023867998091 0.013394629454251317 0.07220226400381798
1 0.17769281017477914 0.5227546053071376 0.074011813011266 0.07427384134309048
1 0.3878634320406761 0.4929745566120479 0.07602895407749291 0.08991702267663584
1 0.3053859011618637 0.5361074859564111 0.053153743731793844 0.055287484006999676
1 0.46512931103270894 0.6826359459341395 0.10635295157021041 0.11213746801399935
1 0.8915243264721152 0.6565877825430058 0.18576296991261038 0.2645726720241807
1 0.7060905948145152 0.5072343145687772 0.053290136051661816 0.059974984006999674
1 0.6015993231069029 0.4748678045830948 0.04074467194503928 0.05826703333863605
1 0.647758920757905 0.39154622724382226 0.035466138558944316 0.03789998933799978
1 0.9713960314075379 0.7298520125318698 0.017108595143719894 0.10485113200190899
1 0.06045749755922454 0.4452392273233642 0.025863818025830952 0.029978401336727245
1 0.21749475923770706 0.3895239346355924 0.022784282132453627 0.031504538669636165
1 0.18823315657214001 0.4289136986394103 0.03234113855894431 0.03786362667090888