1 0.17890625 0.64296875 0.096875 0.0890625
1 0.075 0.5109375 0.05703125 0.05625
1 0.52109375 0.71328125 0.103125 0.09375
1 0.790625 0.74296875 0.10390625 0.10234375
1 0.95859375 0.55234375 0.06328125 0.0640625
1 0.51484375 0.4890625 0.046875 0.05703125
1 0.56640625 0.50390625 0.0421875 0.05390625
1 0.39140625 0.5015625 0.04296875 0.07421875
1 0.353125 0.5453125 0.04375 0.04609375
1 0.2671875 0.6015625 0.040625 0.059375
1 0.125 0.41953125 0.04296875 0.0421875
1 0.375 0.39765625 0.03125 0.03671875
1 0.72734375 0.36875 0.03828125 0.03828125
1 0.6140625 0.40234375 0.0265625 0.03828125
2 0.44609375 0.571875 0.06484375 0.0640625
2 0.84140625 0.5359375 0.078125 0.06796875