1 0.3350360961170855 0.8700644589655558 0.04742044000636332 0.047966027735416715
1 0.4485627941199491 0.8937948593261462 0.045839758672817865 0.04636716014423605
1 0.840677568785767 0.896673124712466 0.03481135200509087 0.038300087005972115
1 0.8829190654439494 0.8351732334699313 0.03635567067154497 0.03677395459715314
1 0.6602889927593594 0.6979959693178825 0.04107953333863605 0.04000805737069442
1 0.4538219114417223 0.8087840796908683 0.04900112133990877 0.049564895326597025
1 0.5927736814130873 0.6011378466927088 0.03951703333863606 0.03997168977951375
1 0.44179243674408736 0.580440874143785 0.0426602146721816 0.04160692496187508
1 0.4537197247374058 0.5315130648732296 0.037954533338636055 0.03993532218833344
1 0.3359873320734966 0.5490798117390975 0.0442590773392725 0.04476829255305557
1 0.2968981074156326 0.6129961881639933 0.03797271467218159 0.04149782218833344
1 0.3152304840865415 0.6446644154625696 0.04900112133990877 0.04956489532659738
1 0.20117707475331423 0.642790831306389 0.045839758672817865 0.04636716014423605
1 0.029675339433449938 0.7379909624809375 0.04280566534054512 0.05410692496187508
1 0.1791946287794039 0.8344146336430904 0.04742044000636332 0.047966027735416715
1 0.24358110872849714 0.4610148076550349 0.037954533338636055 0.03993532218833344
1 0.30036691072563365 0.44124847473312523 0.041097714672181596 0.041570557370694414
1 0.11862437269254426 0.19333438554295151 0.02848862667090888 0.031904616641249994
1 0.17199482069540778 0.21566463364309038 0.028452264003818017 0.028779616641249995
1 0.21858855736790747 0.25970622758291684 0.03951703333863606 0.03997168977951393
1 0.28007949335613536 0.1744421812301391 0.03319430800445442 0.03357621941479172
1 0.377427755370771 0.2844912880877434 0.03477498933799979 0.03517508700597229
1 0.4683072940404072 0.3084756083762157 0.03163180800445424 0.03353985182361115
1 0.5349493540340439 0.2631644147969796 0.03793635200509069 0.03837282218833336
1 0.6155357353596351 0.20802427953836858 0.02845226400381797 0.028779616641249995
1 0.5509368860200444 0.16043945829996575 0.03323067067154532 0.03670121941479172
1 0.35006363466740903 0.013615090424444736 0.03137726933481808 0.011664851823611138
1 0.5819136186744087 0.07055999391916715 0.022129538669636163 0.022384146276527805
1 0.5373732780076359 0.06874226757052129 0.025290901336727244 0.02558188145888889
1 0.6130454400063633 0.06113109574277829 0.022147720003181704 0.023946646276527782
1 0.7046067786839537 0.14370916603125058 0.030051126670908878 0.031940984232430567
1 0.6945863413430905 0.08802221048416725 0.020567038669636162 0.022347778685347253
1 0.6636994206715452 0.051375542456146395 0.022147720003181704 0.023946646276527782
1 0.7421436886934988 0.2148763044239937 0.030051126670908878 0.031940984232430567
1 0.5898192147119525 0.3472315966927088 0.028470445337363516 0.030342116641249993
1 0.5927538580521794 0.39806739807947966 0.030051126670908878 0.031940984232430567
1 0.6299998667249973 0.4442345364722227 0.037954533338636055 0.03993532218833344
1 0.7004481793841341 0.3904205118709381 0.023710220003181702 0.023983013867708357
1 0.6657737347230883 0.4310084910693755 0.026889764003817974 0.02874324905006951
1 0.6744043947326334 0.5015028290252783 0.030032945337363514 0.030378484232430482
1 0.7396481340706331 0.5373870840592714 0.030032945337363514 0.030378484232430482
1 0.7336895827498144 0.629410929898959 0.03633748933799978 0.03521145459715278
1 0.7332623214114964 0.592692179898959 0.03633748933799978 0.03521145459715278
1 0.7808549367440873 0.588332641429966 0.03793635200509069 0.03837282218833345
1 0.9332265060868596 0.6613915477744798 0.033194308004454595 0.03357621941479181
1 0.9164742634070422 0.5641528718626744 0.02845226400381833 0.028779616641249995
1 0.920179971395588 0.47988697463621605 0.026871582670272433 0.027180749050069508
1 0.9902908346992259 0.519859317626112 0.019418330601548205 0.034956881458888846
1 0.9609873320734966 0.5636268482113203 0.026889764003817974 0.02874324905006951
1 0.991036269374589 0.6464218176261121 0.017927461250821963 0.03183188145888884
1 0.9239156880967228 0.7338114084318063 0.033212489337999786 0.03513871941479181
1 0.9953868673615442 0.4551428541952439 0.009226265276911505 0.03313980832062509
1 0.8185709233768161 0.3392781988006604 0.0316136266709087 0.031977351823611146
1 0.7984027793602715 0.21696678770649375 0.026871582670272433 0.027180749050069508
1 0.6869754780394528 0.3065358211414936 0.03159544533736351 0.030414851823611144
1 0.9561003847469509 0.6134995616421882 0.041097714672181596 0.041570557370694414
1 0.5460884907304061 0.48211443654847275 0.033212489337999786 0.03513871941479181
1 0.42165101738540667 0.39330389684520867 0.04585794000636341 0.04792966014423614
1 0.5047998720559974 0.4241376291777782 0.036392033338636054 0.03989895459715278
2 0.14544305338954286 0.41733558320625014 0.036355670671545236 0.03677395459715278
2 0.1428805800445434 0.33136171561506955 0.03951703333863614 0.03997168977951393
2 0.36715387404517974 0.3412679649494795 0.039535214672181594 0.04153418977951393
2 0.3379278086807721 0.11174346589941 0.03159544533736343 0.030414851823611144
2 0.4474760786919079 0.1963022634864587 0.03793635200509069 0.03837282218833336
2 0.5460044853596352 0.20640592173083377 0.031613626670908876 0.031977351823611146
2 0.4936061913589988 0.2005001074262851 0.03319430800445424 0.03357621941479163
2 0.8521010387094072 0.33459135201104234 0.026853401336727246 0.025618249050069507
1 0.888075448718952 0.4057221228126049 0.030032945337363514 0.03037848423243066
2 0.9478589813812706 0.37509102507305636 0.031649989337999784 0.03510235182361114