1 0.19950211377400953 0.4515625 0.08654655405833438 0.1046875
1 0.3290946858845206 0.56953125 0.1462942587805987 0.16875
1 0.46593511397040127 0.321875 0.06463519262201593 0.0984375
1 0.6720674601832133 0.4359375 0.11329995159900648 0.1375
1 0.7586038821207739 0.2703125 0.07403746369925486 0.103125
1 0.9186561138722054 0.871875 0.16268777225558928 0.196875
1 0.31216469847574835 0.2109375 0.04417724687674198 0.0734375
1 0.39136638514583594 0.26171875 0.04572156615858276 0.0703125
1 0.19986014119596016 0.24453125 0.05198974687674203 0.0734375
1 0.24437775565734077 0.2421875 0.03938066256778665 0.0546875
2 0.07755841520006526 0.30546875 0.09752041549465287 0.1109375
2 0.5255186713483854 0.2234375 0.04739315046753827 0.0890625
2 0.6877459605759968 0.1765625 0.03945338544042372 0.0671875