1 0.36714045576147314 0.21263828505052054 0.1933444456152033 0.24971297853284735
1 0.1116052962638265 0.3491076875953124 0.18775691882984216 0.19804137575930572
1 0.21491766233702042 0.088785823803854 0.08140573295387146 0.10029224715020842
1 0.4993784370937867 0.048632949278819254 0.09250687418757338 0.09726589855763851
1 0.51733709902377 0.3099646138883676 0.12273984496658023 0.14186280452090294
1 0.5287884366834543 0.697355511114826 0.12441143912238176 0.14814917211208342
1 0.6001746927725342 0.4885786167381593 0.13858303327818292 0.1547264804327085
1 0.7921264135515411 0.5153735868185411 0.13403190097293455 0.1624298776591669
1 0.9539507090078839 0.24900043835781172 0.07164890340856686 0.07819904160312507
1 0.98797906128136 0.3770702337606589 0.02404187743727988 0.15381598423243065
1 0.8620574894466932 0.178453508646284 0.06230117694751698 0.07954333605604172
1 0.7639824537328782 0.11195829929947854 0.07030459172016937 0.0906626740119445
1 0.6925689241048479 0.31917269367614526 0.10193642126547413 0.11326502583555564
1 0.612090491475288 0.27571494082635367 0.09585006249917605 0.12249455547083343