1 0.0832445170428333 0.3845945119678473 0.12268529788867959 0.13873780452090295
1 0.08811147483619658 0.21602634992375008 0.04349662986961633 0.07598192496187499
1 0.25556380194586936 0.3245688145888891 0.10826824188232517 0.11809799620027786
1 0.3588308981302656 0.4245889580156253 0.11166597727182861 0.133795731382639
1 0.5386723567344077 0.3928519147969796 0.09560460064862326 0.10843205547083343
1 0.5578235515388323 0.5057519582999658 0.10344437418757338 0.11017639342673621
1 0.58980380316039 0.7720133911456255 0.2117944366867496 0.23296188962701408
1 0.7755407057581778 0.720109318291702 0.2071069366867496 0.23285278685347244
1 0.9456910598600257 0.6718023709127439 0.10861788027994876 0.14164459897381967
1 0.9890603202098139 0.4245104500349314 0.02187935958037208 0.08815461664125017
1 0.907763275971287 0.42096591631559105 0.10347164772652384 0.11173889342673622
1 0.726536595370322 0.4628228419430561 0.1258921185055307 0.1434980397032639
1 0.7295410442352316 0.2770308123077784 0.08129663879807011 0.09404224715020834
1 0.5693069277582958 0.22410256800736156 0.05914890340856669 0.07790810087368065
1 0.47087733603812654 0.13278527735416706 0.09078073295387146 0.10051045269729175
1 0.32021881696340304 0.13630705480524333 0.09220686525911974 0.09273432028847228
1 0.24683013555165917 0.0479153956109377 0.09991027110331832 0.0866661582443751