1 0.2235367037208643 0.03259050504991034 0.04042659255827141 0.041337631541796226
1 0.16780008049255382 0.14911858141473933 0.0516369110699257 0.04978716837349917
1 0.11849699573883074 0.21591967356458386 0.05815972958157998 0.05796368942018652
1 0.11325888031506859 0.3659196735645839 0.0743303666048885 0.07449874203690507
1 0.1559399428362731 0.286990307737216 0.05821429328391083 0.059526189420186525
1 0.3573536538135315 0.14606771807703306 0.05815972958157998 0.05796368942018652
1 0.02444316157567084 0.6724511236492885 0.04888632315134168 0.07275423151356133
1 0.1616293706116037 0.7069233761389501 0.08079862141421193 0.08111276308359247
1 0.38311253412860014 0.5068910969879934 0.06958830290255769 0.07266322625188941
1 0.31228665735691064 0.3829915944277446 0.06468254809323426 0.06614021046687402
1 0.42524550354337903 0.2643164601139381 0.04845734736759475 0.04804265785015547
1 0.46722965081830664 0.11567383376322657 0.05498016587924912 0.05621917889684287
1 0.48773561297669143 0.04406414427245283 0.04952877404661713 0.03407116311182732
1 0.7299479056276301 0.12471271772409723 0.045223219962933214 0.04473564732681177
1 0.723023293832065 0.18850220193908168 0.048511911069925695 0.04960515785015547
1 0.8081522619808995 0.19424323870019744 0.04366071996293321 0.04464464206513994
1 0.7252554272271764 0.2590877177240972 0.048511911069925515 0.04960515785015547
1 0.5301785070867581 0.5099768415851471 0.06808036660488845 0.07413472099021767
1 0.6312797048171725 0.46184942570130955 0.04862103847458741 0.052730157850155376
1 0.758945891747814 0.34794509137338564 0.05341766587924894 0.056128173635170954
1 0.8236185161572507 0.31178705447109556 0.048511911069925875 0.04960515785015547
1 0.8081298922959682 0.5535650307935722 0.04856647477225664 0.05116765785015538
1 0.7261283802302506 0.7272762756024875 0.0551438569862416 0.06090667889684287
1 0.49301823595054783 0.9015805126600694 0.05815972958158007 0.05796368942018652
1 0.7478570141735161 0.9888428996400055 0.05001984736759475 0.022314200719988974
1 0.8506918706116038 0.7470566965362355 0.05654266587924894 0.056310184158514784
1 0.7494492852249085 0.9337383782050885 0.04705853847458741 0.05263915258848364