1 0.68359375 0.4359375 0.1171875 0.10546875
1 0.82109375 0.515625 0.07890625 0.09765625
1 0.2046875 0.903125 0.13515625 0.14765625
1 0.49453125 0.34765625 0.10390625 0.12578125
2 0.36484375 0.703125 0.13046875 0.0875
2 0.06328125 0.509375 0.09140625 0.07890625
2 0.2328125 0.13828125 0.06796875 0.06640625
2 0.09296875 0.13984375 0.05859375 0.0640625
2 0.634375 0.1328125 0.06875 0.06171875
2 0.5734375 0.27109375 0.0515625 0.059375
2 0.86875 0.1578125 0.04765625 0.0421875
1 0.15 0.10078125 0.05859375 0.06015625
2 0.4421875 0.165625 0.05625 0.0671875