1 0.23996181372643371 0.07877192917919154 0.07180601581733077 0.07900423151356135
1 0.2137800212173572 0.2813809896884178 0.06861734882113639 0.07725972099021768
1 0.2485702207996153 0.51784983973077 0.07780134783255326 0.07311825256024881
1 0.11074132106644541 0.8399740106645182 0.07518568380210837 0.08543624203690499
0 0.1546133378723594 0.75792037386105 0.06204901384016441 0.06908319994353036
1 0.041168967302393146 0.9406712316547357 0.08213602076024666 0.10298776308359266
1 0.0335188361981104 0.4034743395190086 0.0670376723962208 0.0805667315135615
2 0.02385399406850095 0.08760641581325042 0.0477079881370019 0.06853716837349917
2 0.0696466551331963 0.050501257963094945 0.06533583992388783 0.0349812157285458
1 0.3787180468461576 0.9389373425027804 0.07330484882113648 0.07753273677523324
1 0.5094281718647482 0.7341371794615401 0.06517401384016441 0.06926521046687384
1 0.5670695755150696 0.7923522268871741 0.07917284684397004 0.06852175782192056
1 0.47426524057127883 0.41117709257336754 0.06342051285158128 0.0644867052052021
1 0.4481059416735927 0.2498069530684764 0.07129667984777566 0.06650423151356133
1 0.45088738486724117 0.12416221096098416 0.07722834486680377 0.05905575256024873
1 0.6225302801146058 0.21548661902290114 0.07843801779449713 0.08874325256024873
1 0.6253847301911554 0.45147732692952636 0.06392984882113631 0.0769867052052021
1 0.7151316155898693 0.19996105858426202 0.07193334980971962 0.08212923151356133
1 0.7901262984033945 0.11921231654735698 0.06335684585538673 0.0629242052052021
1 0.7782085716350992 0.01814284772915864 0.045787343878220456 0.03628569545831728
1 0.8754523502668302 0.2631072587395538 0.07961851581733086 0.07945925782192056
1 0.931978286997507 0.5591030272259925 0.08073534684397003 0.06861276308359229
1 0.0015903804186169362 0.3721557210608048 0.0031807608372338724 0.05881355787839038