2 0.2270797337712409 0.7284591653007743 0.12306712743398433 0.15921246268299924
2 0.3432832065788426 0.6044756779519568 0.14745920129724616 0.21417268268618095
2 0.661515009338786 0.630454185908686 0.17569329545304768 0.22074994668999892
2 0.6293861221622739 0.4574257659134585 0.12791826866768635 0.16864200668363552
2 0.47471007914156294 0.2795745806015485 0.13767509821299112 0.19062609468490824
2 0.1669873080382446 0.36751312197645564 0.15176487175194148 0.19235222668681723
2 0.15701051583160788 0.5363449379774101 0.13085235389503397 0.15774086935072643
2 0.04841240625123573 0.43846251599300035 0.09682481250247146 0.15744996801399935
2 0.9004970576312076 0.1847945985439602 0.08219666558343128 0.1446772480108177
2 0.5760209833609086 0.071954626631138 0.11040348620028233 0.143909253262276
1 0.45694628612414734 0.581282531269912 0.20976037824476332 0.29300675469445336
1 0.9107491704579905 0.49242528520850576 0.16633766071216732 0.31124767735518083