1 0.036182082203032664 0.4267957863939301 0.07236416440606533 0.16515842721213972
1 0.16502754070706124 0.6282576248975561 0.15489994120271566 0.1599658130679506
1 0.3090575016974807 0.5864788856509231 0.153255554047586 0.15833053846084474
1 0.28664475463815675 0.9397858221686878 0.16873006784239591 0.09670383374611476
1 0.4962587720510113 0.8957317994236087 0.1562167797373263 0.15535108767505648
1 0.5894476865686182 0.5897857063718688 0.1862251843053107 0.192598530602962
1 0.7662204692466208 0.7857402535191659 0.1725787641334943 0.17014133374611512
1 0.8787525260077402 0.5568275413608381 0.16821881275401332 0.17617300992479734
1 0.6313220053155253 0.47483064040843403 0.14338923111680746 0.14851889081820957
1 0.8688806382867835 0.35855486125321423 0.19099457146044047 0.19437935442427942
1 0.6916408661242306 0.09715725062368175 0.1846626843053107 0.19252575599585603