1 0.1627334526226764 0.25082991689245615 0.047107373360319824 0.066355340343633
1 0.2300404613291037 0.2714976209854706 0.0744887449116173 0.08337242198083886
1 0.08229900214770658 0.2769995912481442 0.041601001809022306 0.050484678878243816
1 0.027303885684791713 0.17906670228399216 0.03888543758467107 0.058133404567984305
1 0.25806588478028053 0.1670081948207603 0.0452173247398008 0.06002345318850333
1 0.31637302973732645 0.16461021313812602 0.04686171189493056 0.06166784034363308
1 0.4978963466752111 0.2387890988229177 0.04686171189493056 0.061667840343633
1 0.566410651288624 0.1932962143813214 0.06832063206674714 0.08460737336031983
1 0.6764883361597616 0.18270395239553378 0.07983134215265544 0.09611808344622812
1 0.7780917797373265 0.18880786747896766 0.06190685775648745 0.0811548247398008
1 0.8600101650834338 0.14635477385597429 0.05475609905006031 0.06363977611928177