1 0.32255431527482 0.6353411766189427 0.19799311416679294 0.20365416297065303
1 0.4923617794650541 0.40428235046587535 0.10373405405833439 0.11069384727034208
1 0.7445595628389331 0.23016449807503578 0.09432269262201594 0.10389781570031094
1 0.7808374304235717 0.15224462442574732 0.04718407220870695 0.05585515785015547
1 0.8320999485739442 0.09767895079057629 0.05346134328594587 0.06090667889684287
1 0.6720987555591449 0.26798999274277674 0.05031816256778647 0.05759966837349921
1 0.6079362616092692 0.25453370847132256 0.048755662567786476 0.0575086631118273
1 0.33231006859446965 0.4315791397872399 0.04875566256778665 0.05750866311182747
1 0.40672426131468153 0.460850139857827 0.07075792759490121 0.08065773677523325
1 0.07335829117251906 0.6537627658556027 0.07077610831306051 0.08378273677523325
1 0.16862027331673404 0.505197192262784 0.05821247579950319 0.07211719468185844
1 0.17379865270703337 0.5892991764777685 0.06288179508134392 0.06926521046687384
1 0.10315889978016717 0.5371444132530017 0.04559430113146812 0.05107665258848364