1 0.4604426221589786 0.027116505602673997 0.12088524431795715 0.03561280452090289
1 0.2809733104705813 0.035434232616909964 0.09007162094116258 0.059885452697291744
1 0.43135296022569997 0.23963403618788232 0.07639095048646727 0.08143314437666671
1 0.5255353827089901 0.3113291578631254 0.07636367694751697 0.07987064437666672
1 0.6664858908266649 0.19903179245614638 0.11462733603812651 0.12449346656500007
1 0.7430677560857847 0.2914024368328131 0.10347164772652384 0.11173889342673622
1 0.8227570304355141 0.4275776325962507 0.09390573295387128 0.10058318787965277
1 0.8609388689092725 0.4675129547845841 0.08754663879807012 0.09418771751493064
1 0.9381519797041651 0.551308032956841 0.07954322402541791 0.08306837955902786
1 0.9705615105500115 0.6248189213495842 0.058876978899976964 0.07503767401194458
1 0.9887211753226639 0.6486746486481605 0.022557649354672193 0.07732621941479181
1 0.8665088047852432 0.5629163737625354 0.054134120941162676 0.059048998100139014