1 0.4615316773949517 0.4671817691338228 0.11542610001590833 0.12050637978345584
1 0.699693106699544 0.2624644915537158 0.15176358935390813 0.15592705423577743
1 0.4689254593809523 0.3643068217202476 0.09487724267981754 0.09960284639736088
1 0.3938425486950896 0.2207637587089816 0.09491360534690844 0.10272784639736088
1 0.2951056040340439 0.2592830379384414 0.07431020401018137 0.077136813011266
1 0.3330799607335878 0.5024934803374517 0.08379429201145401 0.08678459765100222
1 0.33219126475967753 0.6945900521242063 0.1154442813494538 0.12206887978345585
1 0.26560429610913133 0.8113623634861197 0.12968859468490823 0.13810305674305995
1 0.6211548621100859 0.8287366977427796 0.16130222135581712 0.17026233887551356
1 0.18645150342135958 0.653643140208297 0.082231792011454 0.0867391335443795
1 0.18660385538667937 0.39826531842154234 0.05852157200827235 0.06261967194503928
1 0.049468029400042385 0.4926792449854351 0.06482611600890867 0.06748902837152997
1 0.12239754674567818 0.5853955938900783 0.05852157200827235 0.0626196719450391
1 0.062477654081768974 0.6039577257851052 0.07590906667727224 0.08030727711788863
1 0.07969987472149749 0.4060885271178886 0.05694089067472689 0.06101170783841638
1 0.5122840133672713 0.2648212987589941 0.08065111067790873 0.08513116943775678
1 0.3721253740849506 0.636397118896396 0.09647610534690845 0.1027733105039836
0 0.22226063940163324 0.5094217787672413 0.07748974801081765 0.08191524122451135