1 0.02397275465468237 0.25434262662320545 0.04794550930936474 0.15556025324641087
1 0.09560811326386684 0.5134915300317722 0.1345579080203627 0.1523182508107789
1 0.24476322859645777 0.5215649030015296 0.13143290802036267 0.15226370373287815
1 0.14434232121264193 0.8917625803560837 0.11566245735199913 0.13949096834337488
1 0.3514008432129601 0.8930325742670038 0.14222495735199914 0.1399546185055307
1 0.5139666672501857 0.6215957252399383 0.16148403469127146 0.1840319009729347
1 0.6459411838797328 0.8973923863591426 0.17249426002545326 0.1904728157455871
1 0.801520663908368 0.6891276931762761 0.14258858402290783 0.1712046185055307
1 0.5823268632638668 0.521987237414803 0.12194882001909005 0.14272506249917605
1 0.9267559265595503 0.8053993498312536 0.13005222135581712 0.16786143019392802
1 0.8382410559357302 0.4881652110331836 0.16769767202418073 0.18101599512873606
1 0.9641217559277759 0.5489681176881611 0.061211314688090115 0.1588488944801128
1 0.9005068879694559 0.24076410551329647 0.09700336401972649 0.1469761858759707
1 0.730231297979001 0.16746515299823428 0.15683289735836253 0.18707508035608367
1 0.8060045519971364 0.03516689609837543 0.09424089600572713 0.0438239123370204