1 0.14718945152224341 0.6199762162181937 0.14166752965749524 0.14458037727617318
1 0.030582860646953446 0.5839514511744989 0.06116572129390689 0.11022209765100222
1 0.14644132950658345 0.4085302508579298 0.09288251977166348 0.09634145407749291
1 0.21241383939241523 0.3597912224863999 0.08599584980971961 0.08053459765100213
1 0.45354817536197034 0.34028975006650697 0.09619852076024671 0.10111988229073816
1 0.6230502504571105 0.3743739303913234 0.1477901956651065 0.14163723370266404
1 0.8028650844494993 0.3660205581297151 0.12084569368794007 0.13148934389007838
1 0.680496630418617 0.1518707930860203 0.09938718775644091 0.10277331050398356
1 0.30257592437338715 0.3493645363555957 0.060359179847775654 0.0641821719450392
1 0.37829616597043014 0.386957813077773 0.0779923488211364 0.07561977711788873
2 0.42748976376580233 0.7117017488128659 0.2623222223568522 0.2713822211662517
0 0.027930045931936563 0.4036645576009897 0.055860091863873126 0.10204588479802065
1 0.005100040989020694 0.43711355509370725 0.010200081978041387 0.07264788981258548
2 0.2810749505708413 0.22591867616818134 0.06342051285158128 0.06271060015828453