1 0.16691694440068267 0.20345694990914298 0.08124209172016941 0.09323874491161739
1 0.07964876948176056 0.18559001922187685 0.05287162986961631 0.07770227611928178
1 0.31826343587926603 0.4029700282669884 0.04969208279171564 0.07441350180902226
1 0.43388843587926595 0.40902967774659 0.04961026217486477 0.06972600180902226
1 0.37698959943410243 0.3536561030067892 0.05569662094116259 0.06067855042954129
1 0.7597242329571667 0.42297814959114327 0.05278980925276535 0.07301477611928178
1 0.6566577341749827 0.4590207909301446 0.04955571509696384 0.06660100180902226
1 0.5961838843371385 0.4292646918800842 0.05278980925276535 0.07301477611928178
1 0.22552869075053 0.5638865168470277 0.05903980925276535 0.0733423247398008
2 0.25387542776159117 0.28386482417397396 0.05909435633066593 0.07646732473980081
2 0.3423788202131092 0.3205636420163698 0.043087526785361166 0.05377345318850324
2 0.4176145994341024 0.3557851690401628 0.03543866801906326 0.06273901741285445
2 0.5525702520318901 0.41915935153645123 0.05758640340856669 0.07951043758467105
1 0.4847378697266419 0.407784760288307 0.04971935633066593 0.07597600180902227