1 0.7922934428167367 0.7314693928415987 0.04636716014423605 0.04795165258848364
1 0.8423642183679518 0.6307644665755918 0.04476829255305574 0.04629814732681172
1 0.9755604846589414 0.6265712482867972 0.048879030682117276 0.06439569994353037
1 0.9402496723964239 0.2652011087819061 0.036810322188333446 0.03959312101845249
1 0.8951358877271531 0.20915550610871786 0.038372822188333086 0.03968412628012441
1 0.7115090361878822 0.3864823875093398 0.03993532218833344 0.03977513154179624
1 0.7643294841355214 0.6055817270283483 0.047966027735416715 0.04960515785015538
1 0.6068221893982642 0.4262189926721896 0.03837282218833345 0.03968412628012441
1 0.5521009346486115 0.562398687354048 0.03997168977951375 0.04133763154179633
1 0.5101128031897227 0.5398103267883521 0.036810322188333446 0.03959312101845249
1 0.498686953550313 0.6539106241433986 0.04316942496187508 0.04464464206513981
1 0.5476160692416325 0.7058224636624073 0.036810322188333446 0.03959312101845249
1 0.5810461650813201 0.6968346005364625 0.047966027735416715 0.04960515785015538
1 0.5529958598948271 0.8025154531390635 0.04476829255305557 0.0462981473268119
1 0.7227284380670842 0.8685136375093399 0.04636716014423605 0.04795165258848364
1 0.3969439220151742 0.7192919714137407 0.035247822188333354 0.039502115756780753
1 0.3916920711414936 0.6617069845679203 0.03997168977951393 0.04133763154179615
1 0.11974629559027843 0.7753346579913298 0.036810322188333355 0.03959312101845249
1 0.15384788544604228 0.7279745396037132 0.027180749050069463 0.028109589448421346
1 0.20550065121361172 0.6952383633377062 0.036810322188333355 0.03959312101845249
1 0.14187260267663246 0.6168018211737444 0.031977351823611146 0.03307010523343692
1 0.2655451855985421 0.5524901502399964 0.03517508700597229 0.03637711575678075
1 0.30905748983510456 0.4725072476515127 0.030414851823611144 0.03297909997176518
1 0.2831294630496184 0.40048032920742643 0.03677395459715278 0.03803062101845249
1 0.25135082655673635 0.3123656791791915 0.028779616641249995 0.029763094710093262
1 0.19301230290538224 0.3603551291227218 0.03357621941479172 0.03472361049510884
1 0.11752068721406277 0.30999037905213467 0.020785278685347252 0.021495568401734035
1 0.10518499458475725 0.35138892377634534 0.023983013867708357 0.02480257892507769
1 0.11523083539045162 0.2788313843138065 0.02242051386770836 0.02471157366340595
1 0.21383068313000017 0.21285079756680814 0.03037848423243057 0.03141659997176518
1 0.16054202896968767 0.208913726463651 0.020821646276527783 0.023058068401734032
1 0.11879094006385435 0.23012086852879093 0.02242051386770836 0.024711573663405862
1 0.28850337480937516 0.1944200450065594 0.030414851823611144 0.03297909997176509
1 0.373136213999549 0.36863952403045913 0.028779616641249995 0.029763094710093262
1 0.4203021547289934 0.3784093661803037 0.028815984232430657 0.03132559471009326
1 0.47135550845246554 0.35353119254513266 0.036810322188333446 0.03959312101845249
1 0.43903201130225716 0.2756182951477337 0.02238414627652787 0.02314907366340586
1 0.4681934876509031 0.31851145043764045 0.027180749050069508 0.028109589448421436
1 0.5348724945847573 0.32636247681658687 0.028779616641249995 0.029763094710093262
1 0.5821644154625697 0.27432256370475955 0.028779616641249995 0.029763094710093262
1 0.6657042672861808 0.30074928483615154 0.03517508700597229 0.03637711575678067
1 0.6318741279435072 0.29254964796209626 0.03513871941479181 0.034814615756780666
1 0.6394314015948613 0.24751786902290113 0.03677395459715278 0.03803062101845249
1 0.742917464665139 0.1225795112292154 0.031977351823611146 0.03307010523343701
1 0.6496395901401042 0.11471307429869042 0.02721711664125017 0.029672089448421434
1 0.5716412234988543 0.09109283475144694 0.027180749050069508 0.028109589448421436
1 0.6288348212384027 0.027523887438752604 0.03513871941479181 0.03481461575678069
1 0.6588502827694098 0.07349654009782339 0.027217116641249994 0.029672089448421434
1 0.7453144596311458 0.057508248075035774 0.03194098423243048 0.031507605233436986
1 0.8061084488975695 0.14862680076234142 0.03201371941479181 0.03463260523343701
1 0.5711489545971528 0.00962781605324679 0.031977351823611146 0.01925563210649358
1 0.4197345378034029 0.15235510039528816 0.03037848423243066 0.03141659997176514
1 0.30294642809600714 0.1427287423898409 0.027180749050069508 0.028109589448421436
1 0.35905357057281273 0.26775956349299807 0.030342116641249993 0.02985409997176518
1 0.7038179438635765 0.08965289014017569 0.03997168977951375 0.04133763154179622
1 0.4859284611497573 0.44186565045175785 0.03201371941479181 0.03463260523343692
1 0.37628266384704906 0.5374350266612951 0.04476829255305557 0.04629814732681172
1 0.42313817363069484 0.4666451135494677 0.036810322188333446 0.03959312101845249
2 0.3331373015742021 0.8012391924039584 0.03517508700597229 0.03637711575678075
2 0.2529042877064937 0.7824429607492227 0.03837282218833336 0.03968412628012441
2 0.3153640008530213 0.5754047344973332 0.03840918977951393 0.04124662628012423
2 0.09801219348232686 0.5473839632388842 0.03037848423243057 0.03141659997176518
2 0.2017352991056601 0.46624110807603447 0.03677395459715278 0.03803062101845249
2 0.23327428020395863 0.3760032449500897 0.03037848423243066 0.03141659997176518
2 0.21559712414378507 0.4231890580901519 0.031977351823611146 0.03307010523343692
2 0.4229134359797918 0.12087758724110853 0.025581881458888844 0.026456084186749607
1 0.49760431145475703 0.10322808468085976 0.028779616641249995 0.029763094710093262
2 0.4836314240119445 0.04067487677423456 0.03045121941479163 0.03454159997176513