2 0.13952297378319473 0.32802445430044497 0.0752922471502084 0.0831079065339753
2 0.15826970773128485 0.16111093610347987 0.06453658510611122 0.09041098428423426
2 0.0863557272985764 0.02197135339082216 0.053961454597152805 0.038411836641599154
2 0.493424651310521 0.10960636393479214 0.06806162860909737 0.10774403349844604
2 0.7415777426848962 0.44425115342909416 0.08176045269729179 0.09277400496239867
1 0.4405815531897227 0.588653855043452 0.0644274823325695 0.08572348428423435
1 0.10945753333809069 0.511579662944116 0.07115026101791674 0.10632708271265763
1 0.48283786910979193 0.3923995932566277 0.06907861474138884 0.08437930810555194
1 0.43815918911392393 0.2834034288647696 0.06566267401194459 0.07173375889134022
1 0.8270106688810422 0.6612802956950459 0.06787979065319441 0.0999315334984459
1 0.7811415504368403 0.06525716624937576 0.06010235182361114 0.03401543507002258
1 0.8692974734988542 0.16457226964019794 0.06922408510611114 0.09062930810555185
2 0.8466802039315627 0.2993089886229513 0.06922408510611114 0.09062930810555185