1 0.2103006539835796 0.2375896135526267 0.13358518052176754 0.1366769490629279
1 0.2643392350710812 0.07901258392745555 0.09272383118569749 0.09486988229073819
1 0.38603190700864176 0.24106865155757512 0.11472609621281213 0.11738137978345567
1 0.43843422346181216 0.3637416219324039 0.1257272287263694 0.12863712852981452
1 0.610100145202981 0.394678070203909 0.10372496369925485 0.1061256310370969
1 0.5821518863241864 0.49937994206980585 0.1100113251355733 0.1125574874635877
1 0.5065195854873058 0.7445082371343832 0.22630901170746504 0.23154683135366608
1 0.6907764108192709 0.7594559725529069 0.22316583098930565 0.22833090314042082
1 0.8617838024080143 0.7693214028777232 0.1272988190854491 0.13024509263643722
1 0.9863030551384888 0.5797922384545314 0.02081246974937869 0.08652853338609497
1 0.9240484948336386 0.5394233027194387 0.1100113251355733 0.1125574874635877
1 0.7484263261175319 0.5171942647144905 0.13672836123992677 0.13989287727617317
1 0.8243626331027325 0.35407448759660165 0.08958065046753809 0.09165395407749281
1 0.7022972564429077 0.25608091996648213 0.06914997579950324 0.07075042069139795
1 0.6506216478352596 0.14276021753834198 0.09743860226293641 0.09969377461060622
1 0.5165375393258074 0.09667013070789254 0.09429542154477702 0.09647784639736087
1 0.4904795542547261 0.01863502507282464 0.10654089149054773 0.03727005014564928