1 0.38883220092519577 0.83929868466145 0.14791295680654787 0.1415171185055307
1 0.21207162708990612 0.8087595710238882 0.09044129353213641 0.0874375446422686
1 0.7042104601974499 0.6500320385597793 0.1562167797373263 0.15102848620028234
1 0.9262072537873867 0.48023418710037724 0.14758549242522676 0.15741485389503396
1 0.9121602425367682 0.21632169156460418 0.08567190637700647 0.08579322402541774
1 0.533238461667788 0.47629234984113944 0.08221935775648763 0.07948867694751698
1 0.5843129607632769 0.45115993628630313 0.07572369629109836 0.07469208279171564
1 0.4469092152858325 0.5747628518697343 0.09060506784239593 0.09056254464226861
1 0.45096595149102264 0.6372492151002592 0.07070864767057934 0.0683602621748646
1 0.4259836408847161 0.7424685491097909 0.07901247060135788 0.0778716298696164
1 0.18133952623082344 0.6998209476470935 0.06741987336031982 0.06518071509696384
1 0.35798615614986395 0.5043742597425279 0.05270227611928178 0.05243525324641087
1 0.6086634283124169 0.22943889489044528 0.0608423247398008 0.05882162094116259
1 0.54626300486124 0.3368752938347851 0.05105788896415202 0.05084547970746058
2 0.5424231111473896 0.5918628027632389 0.10195200361804453 0.09856595941492116
2 0.8193010351643935 0.27971776421005007 0.11666960085908258 0.11131142126547414