1 0.07171559481451523 0.515625 0.12854620031656913 0.121875
1 0.29377846291948845 0.45546875 0.10782452335696498 0.1078125
1 0.5642955513992904 0.4484375 0.10782452335696498 0.1078125
1 0.4623562813410308 0.2734375 0.08875627461060631 0.096875
1 0.3424770050145649 0.04375 0.07249477711788863 0.075
1 0.6087455480340782 0.26328125 0.06785274122451135 0.0765625
1 0.7148902479549359 0.29375 0.10130173871722903 0.0984375
1 0.9165125839274555 0.26484375 0.06946070533113406 0.078125
1 0.9866097867513073 0.16484375 0.018233174452321775 0.0359375
1 0.6895278497625732 0.09140625 0.04980142319868044 0.046875
1 0.6022611819741691 0.0296875 0.04024456677218957 0.040625
1 0.93108721245727 0.13984375 0.04162521034569906 0.034375
2 0.8664276673926927 0.2140625 0.04971049498543536 0.04375
1 0.3915964666139051 0.0203125 0.06055706677218975 0.040625