1 0.10716629984470823 0.16498584618439627 0.0661247999152954 0.09012616801906326
1 0.17646930766662883 0.24268019805083538 0.07789675782192065 0.07784435633066593
1 0.37662820236260464 0.28909905072805336 0.0878177893919517 0.08738299756436803
1 0.44184367868508134 0.28321328936396767 0.07486276308359248 0.07935230925276535
1 0.33623914981647335 0.19864164610167073 0.0711007262518895 0.0683602621748646
1 0.43597092321164804 0.5039797568965636 0.11171031570031094 0.09560460064862308
1 0.5169724813017998 0.30013378246410877 0.061725726251889414 0.06819662094116259
1 0.5730782681335028 0.31203949309684587 0.053367194681858444 0.05868525324641087
1 0.6139685786427291 0.3307037183400795 0.06016322625188941 0.06816934740221221
1 0.757186499576477 0.4580765162287591 0.08276626834526439 0.08105117694751698
1 0.7026131206655167 0.4188816026739227 0.07936825256024882 0.0763091298696164
1 0.6657809786003768 0.37609408481701523 0.06319722099021767 0.06666139448011296
1 0.8280611707219865 0.3617566696373258 0.07173776308359266 0.07929776217486459
1 0.9678003274684854 0.39785958522075704 0.06439934506302905 0.07781708279171565
1 0.9954776419239657 0.43905732953871424 0.009044716152068588 0.08179547077900687
2 0.8836055154320797 0.3908226067311125 0.054474668373499215 0.05090002678536125