1 0.5595283088893059 0.409375 0.054216027735416714 0.046875
1 0.8308948158231602 0.42109375 0.05723192496187508 0.0421875
2 0.9289868237069449 0.40625 0.05872168977951375 0.0390625
2 0.7498078167730906 0.39453125 0.044550087005972294 0.034375
2 0.6796219501318406 0.36640625 0.039680749050069505 0.0265625
0 0.6391067061157643 0.4046875 0.055778527735416715 0.046875
0 0.2828573593261462 0.43828125 0.05912173328249999 0.05625
0 0.19506707180708371 0.459375 0.06388196846486113 0.059375
0 0.28386008092513937 0.615625 0.06373649810013893 0.053125
2 0.4412868019554518 0.39765625 0.030378484232430482 0.0296875
2 0.4824027644363893 0.41875 0.04142508700597212 0.034375