1 0.3526377212365045 0.730092184241453 0.20223630402608972 0.20150264970954979
1 0.5490331052673667 0.5117724855225794 0.10267156134627217 0.10004284946188058
1 0.4507314179265034 0.5626928225784633 0.05374316534054522 0.055599336641599176
1 0.821854081954184 0.37596137985544564 0.07269316000954476 0.07366013192686953
1 0.8658500772995016 0.28968143155085674 0.023728401336727246 0.02609161910658786
1 0.7449552272835932 0.4013016741072587 0.03477498933799979 0.035976041356328994
1 0.15857754388132364 0.8820784075674325 0.1061420066836356 0.1298758986760923
1 0.08551385590391351 0.7121789764263514 0.06486247867599956 0.07173375889134022
1 0.19482576857895859 0.6555180616202085 0.06484429734245412 0.07017125889134021
1 0.19970471992363986 0.5721062481379732 0.04745680267345422 0.05218323821317572
1 0.3723342452657758 0.5152677049196175 0.03637385200509069 0.03917381596343468