1 0.08984375 0.803125 0.1796875 0.20625
1 0.259375 0.64765625 0.1 0.12109375
1 0.4171875 0.5296875 0.0984375 0.0921875
1 0.5421875 0.45625 0.11328125 0.1453125
1 0.6515625 0.44375 0.09296875 0.09921875
1 0.78359375 0.4359375 0.07265625 0.0875
1 0.9578125 0.44921875 0.07265625 0.09609375
1 0.74375 0.94921875 0.14765625 0.1015625
2 0.3 0.4015625 0.053125 0.0578125
1 0.92109375 0.20078125 0.0546875 0.06875
2 0.66875 0.153125 0.0609375 0.05078125
1 0.4453125 0.10390625 0.0375 0.0375
1 0.86953125 0.22734375 0.04921875 0.06484375