2 0.19921875 0.6078125 0.071875 0.12734375
2 0.33671875 0.53828125 0.07578125 0.1796875
2 0.603125 0.66328125 0.10390625 0.175
2 0.62734375 0.503125 0.07265625 0.13671875
2 0.54765625 0.29921875 0.075 0.15703125
2 0.25625 0.2765625 0.08984375 0.15390625
2 0.196875 0.41953125 0.0796875 0.12265625
2 0.125 0.29609375 0.06484375 0.12890625
2 0.95859375 0.35703125 0.0609375 0.13046875
2 0.6984375 0.15078125 0.0609375 0.12265625
1 0.4421875 0.5546875 0.1109375 0.24296875
1 0.87890625 0.63125 0.103125 0.2640625