1 0.02473704122187541 0.4923420413351362 0.028744555470833412 0.09405908267027244
1 0.26796101757052126 0.5396913980346802 0.09596842306201392 0.09640338001272682
1 0.3420057681392022 0.9357584233768161 0.11195709897381949 0.11221019334818116
1 0.33582654369041737 0.8380567200429526 0.07692748233256949 0.08368520401018138
1 0.6517989954377785 0.9533726373726801 0.10232752583555556 0.09325472525463993
1 0.7479245405562853 0.7249151140992682 0.1312162452503472 0.1343033693507266
1 0.6469789831855909 0.6831265087523597 0.08154224715020852 0.08061474801081765
1 0.4087275686729517 0.34606976205440654 0.09284342306201392 0.09636701734563573
1 0.28915668502986125 0.17519309337204367 0.11359233415618064 0.11535337468172661
1 0.09201154093753497 0.29552213267822675 0.09287979065319454 0.09792951734563582
1 0.4364297689017015 0.09333566072563365 0.10247299620027786 0.10741360534690847
1 0.5118830573706944 0.046570296069360445 0.10189111474138883 0.08241360534690846
1 0.6853932925530556 0.05171342409290482 0.12078658510611114 0.08888178134945382
1 0.5788218631258684 0.33867652741086 0.09753092306201391 0.09642156134627218
1 0.9271502603523267 0.3380434647914942 0.11679006933854197 0.11851473734881743