1 0.5605481257216164 0.4570962527528824 0.10167812406898662 0.10537979065319458
1 0.6805951443328663 0.28664089522968805 0.1408519400324213 0.14219011284152785
1 0.4851819828364922 0.12913360049243097 0.1114897717116218 0.11497299620027786
1 0.32175314536632355 0.37349793028020856 0.12279114474715103 0.1230400693385418
1 0.26163316687305754 0.08803190254479187 0.10807367328319835 0.10865026101791675
0 0.07034481079163901 0.5049972777354167 0.09862589867609244 0.10686955547083343
1 0.32329445222902115 0.8925018502080906 0.15051803846084474 0.14865831838861113
1 0.6454047768789082 0.6034458823119102 0.1263527923897861 0.13248780452090295
1 0.8207728422231704 0.39759919186680626 0.12940501778268043 0.130998039703264
1 0.8921619987571457 0.4726186820831605 0.12449919396136266 0.12620143692972227
1 0.9781186536384912 0.4428785903275355 0.04376269272301769 0.1045433360560418
1 0.9514705705115487 0.6273256722995146 0.09705885897690258 0.14814917211208362
1 0.778838130888903 0.928730944147917 0.16672523531769165 0.14253811170416597
1 0.3440349836605526 0.7681200992581599 0.11959337014004508 0.12140483415618064
2 0.19403690611969054 0.22849194196371542 0.1310402923897862 0.13259690729444457