1 0.02386780317663474 0.07616439371369373 0.04773560635326948 0.022641287427387448
1 0.030925073869131875 0.1900278405705406 0.04500496515360969 0.037975188998963995
1 0.018210536301593756 0.45376285483856427 0.03642107260318751 0.03946491439185813
1 0.02231519374332236 0.5354495024811994 0.04463038748664472 0.04586046360606986
1 0.11351181834201825 0.6485188908182096 0.061284729581579975 0.05745293507002245
1 0.09382929011904989 0.5623074090151746 0.04689484736759482 0.04742296360606986
1 0.1489161273198437 0.32933439722835034 0.046785719962933126 0.04429796360606986
1 0.08754948595054787 0.8765882328364922 0.054980165879249074 0.055599336641598995
1 0.12960552197806455 0.9899208327126576 0.05405258293962456 0.020158334574684744
1 0.2363937245178025 0.9390797324222074 0.05815972958157998 0.05730738585581108
1 0.3640127822296836 0.8699017009906761 0.06619048439090332 0.06392125889134022
1 0.39606391271438823 0.579514295490158 0.05358135698624169 0.06021406203449331
1 0.26701381897499044 0.5328126157968189 0.051800602176918266 0.05389128742738745
1 0.2725793166127377 0.373437615796819 0.040262901451278844 0.036194365177646404
1 0.20768598131086047 0.23738664578060834 0.045223219962933124 0.044225188998963993
1 0.17194194346924527 0.16294741790651482 0.04053571996293313 0.044006865177646445
1 0.19447419709744235 0.07791960049533804 0.04193452885594051 0.03939213978475231
1 0.40043402041842013 0.07342696132975828 0.0386458377489479 0.03455909057054059
1 0.4361607000926672 0.12595480190029887 0.03880952885594056 0.039246590570540585
1 0.5013243978230818 0.07499592348808608 0.035520837748947896 0.03441354135632886
1 0.48293400717157614 0.17586706472058045 0.04037202885594056 0.039319365177646406
1 0.5025991441100667 0.4866611695591446 0.05212798439090349 0.06326628742738745
1 0.5444543166127378 0.38610039743323815 0.037410719962933214 0.04386131596343477
1 0.5643551327621393 0.21956786889719088 0.04215278366526398 0.04564213978475227
1 0.7651066448278568 0.05050330748187013 0.03541171034428636 0.03128854135632886
1 0.5870684356646969 0.151763938789567 0.04037202885594056 0.039319365177646406
1 0.7283952961943176 0.33989113916107055 0.037301592558271326 0.040736315963434674
1 0.7807687841286001 0.5207451869275401 0.04231647477225664 0.050329639784752266
1 0.7240995995602115 0.7990306987143645 0.048293656260602266 0.04280823821317572
1 0.9643377083605518 0.7092748016909018 0.026364092558271324 0.04022689371369381
1 0.8824156188823231 0.4558351244787621 0.04673115626060209 0.042735463606069855
1 0.9285564649839737 0.6583094611203613 0.03590278366526398 0.045351041356328815
1 0.9274255624363864 0.28734198965640856 0.045004965153609786 0.037975188998963995