1 0.14917182402620535 0.4038398405023534 0.1455394400324213 0.14148984496658024
1 0.38102329156121667 0.4375501874975285 0.12428087014004507 0.12082278896022594
1 0.6427485037195444 0.5428179346548594 0.12591614474715093 0.12241256249917605
1 0.6026735055815713 0.3360361006453278 0.10636562406898661 0.10489778003177204
1 0.5629580723735754 0.06993381371369688 0.08503427956950453 0.08266822402541767
1 0.7455181310982999 0.38614696915085844 0.08339900496239885 0.08107845048646727
1 0.8371106257216164 0.45878167410155263 0.11610449710451576 0.11287392126547413
1 0.9981250926374552 0.5141118766166148 0.0037498147250897063 0.08168637662320535
1 0.8785039514049607 0.2581055641174387 0.055599336641598995 0.05405230032431154
1 0.8155437249786093 0.16333280640680092 0.04742296360606986 0.04610343262955983
1 0.7829452406943751 0.10031460916674448 0.032705492142117265 0.031795470779006775
2 0.9898566743166555 0.44602039569133833 0.020286651366689057 0.05224433847375849
1 0.6224593509096229 0.05692134496328497 0.07358735731976367 0.0715398092527653