1 0.2333730391075596 0.17133360275391563 0.06662699400955016 0.07381020472226432
1 0.33235617613086815 0.1863859101318997 0.06651786660488845 0.07068520472226432
1 0.5234350770339928 0.42204108811958446 0.08123513103285873 0.0895170179539809
1 0.12351201042125506 0.7845971929166036 0.17440975607526776 0.2525260780624393
1 0.8433854784852717 0.4545616548673424 0.09804068511654265 0.07867951190385672
1 0.9675893264010206 0.29677590506373414 0.06188493030721922 0.07222043364502548
1 0.8432738287632734 0.13809177235378509 0.07104167549789579 0.0660249757995032
1 0.6808358269491748 0.09605932933898571 0.08392362141421188 0.07703519867214012
2 0.5616915012659444 0.24209451288581532 0.06926092068857255 0.059765885440423536
2 0.39508681070710594 0.03599047951193633 0.055198420688572544 0.059684072208706994
2 0.5905134165122213 0.17238145570422297 0.050074411069925696 0.04715680113146812
2 0.5191790751350762 0.05402234114464653 0.05218254809323426 0.06279089149054777