1 0.11689535894489655 0.8618472094149212 0.14459037385944465 0.23992734496658025
1 0.23756761559441028 0.6780915925309483 0.12838218597979179 0.14749438311602708
1 0.39030814304548656 0.5300376964259822 0.12140483415618064 0.11613528896022593
1 0.5146158523922921 0.43537185308095977 0.14626067021222228 0.177481892044481
1 0.6311305519554518 0.4085111185022353 0.11846167211208343 0.12389324188232517
1 0.7734810529053823 0.3844441473161914 0.09309799620027803 0.10783186525911974
1 0.9578154394467189 0.37675219845128194 0.08436912110656217 0.11709777110331832
1 0.8098290477744798 0.9395407504004464 0.1742752610179167 0.1061250892845372
2 0.242086235751042 0.40250125730360065 0.06726154160312507 0.07145798863591431
1 0.8849945554708334 0.1091595495069421 0.0706774823325695 0.08401253571381498
2 0.6033263281722571 0.08628156249588088 0.07492857123840295 0.06534435633066597
1 0.35198138050895833 0.057685409494351324 0.047966027735416715 0.04769320616851021
1 0.8335054438635765 0.14496463595210568 0.06431837955902786 0.07921594155801363