1 0.52890625 0.77265625 0.05078125 0.071875
1 0.54765625 0.5921875 0.03359375 0.0578125
1 0.5984375 0.5796875 0.03046875 0.0546875
1 0.40859375 0.67890625 0.04296875 0.053125
1 0.45703125 0.6265625 0.04453125 0.0609375
1 0.50390625 0.70078125 0.04921875 0.05625
2 0.315625 0.5625 0.0375 0.0734375
1 0.35703125 0.58125 0.040625 0.0546875
1 0.26015625 0.74609375 0.04140625 0.0625
1 0.321875 0.6984375 0.03515625 0.0515625
1 0.10078125 0.72890625 0.05234375 0.071875
1 0.61484375 0.4859375 0.03046875 0.0546875
1 0.51328125 0.44375 0.02734375 0.0484375
1 0.72734375 0.41484375 0.02890625 0.05
1 0.7875 0.42265625 0.01875 0.040625
2 0.57421875 0.96171875 0.04921875 0.07578125
2 0.03671875 0.71875 0.040625 0.0734375