1 0.8507747106294417 0.5710034274506798 0.27845583116686257 0.2986417243340185
1 0.6091696375769587 0.639228209542452 0.1084046095770768 0.1277668557412186
1 0.5320968486167329 0.5174221937251211 0.08598413879807013 0.09562551779449713
1 0.615189992286067 0.4474227115196182 0.0940148271096728 0.1084438527754692
1 0.4658032414719928 0.7895253453982762 0.11150233603812651 0.12633168973360753
1 0.529065126212873 0.7015425257403436 0.062082988635914306 0.06810801285158127
1 0.43324629139256254 0.5344730894667773 0.06528980925276535 0.07292284684397003
1 0.368640094963285 0.6348922421285156 0.057313668019063256 0.06322951186299797
1 0.2566094736150853 0.746650801406325 0.11457278896022585 0.12333402372599611
1 0.28589182467074553 0.6799235578321158 0.07959777110331831 0.08755834980971962
1 0.29526109618110097 0.5905254768054764 0.05569662094116259 0.060040844866803764
1 0.32859970170098807 0.5325511507217531 0.04939207386326192 0.05666117688202625
1 0.1142271047025176 0.7744190212545382 0.05257162094116259 0.05991351087441501
1 0.22693165624464515 0.7907217949805345 0.060520488635914305 0.06804434585538673
1 0.14068841882654687 0.6802525271860373 0.039826159090609534 0.04534167490485963
1 0.8390466834403387 0.21218684296399948 0.08902731818121908 0.09106535178688588
1 0.783160922076253 0.27548799760290416 0.06528980925276535 0.07292284684397003