1 0.20686254737544402 0.3813106810080021 0.08792164065150558 0.10303527110331841
1 0.30755697342149413 0.5161884671288541 0.1495337524470707 0.16813416558343128
1 0.49167654619431767 0.2967003072274657 0.0658829495445131 0.09796594155801364
1 0.6655083718775481 0.4388899870176518 0.11568454210278442 0.13787392126547413
1 0.7838367643431523 0.29238140544375213 0.07698414065150558 0.10284435633066594
1 0.8182166433922765 0.895319444811015 0.18127482576804824 0.18274213636243813
1 0.36665424274360586 0.16537026096034393 0.0446974303072194 0.07261138555165916
1 0.4316591946503716 0.2266974987854793 0.046150802902557686 0.06951365909060954
1 0.25134670127379355 0.18065611607319393 0.05256449400955017 0.07431025324641087
1 0.2949057283156356 0.18536120698258438 0.040917665879249124 0.053806838473758486
2 0.12029510871552218 0.22198231980607214 0.09913195916315991 0.1110386858759707
2 0.5704315179713493 0.2102212905883742 0.04993056733052796 0.0883182061685102
2 0.7358754686969887 0.19015643222911333 0.041354175497895974 0.06630683847375848