1 0.21328125 0.41171875 0.075 0.09453125
1 0.328125 0.53671875 0.12890625 0.1515625
1 0.4828125 0.309375 0.05390625 0.09140625
1 0.671875 0.43671875 0.09921875 0.12578125
1 0.7703125 0.284375 0.0640625 0.09453125
1 0.8796875 0.8953125 0.1546875 0.209375
1 0.34375 0.1890625 0.0359375 0.06796875
1 0.415625 0.2453125 0.03828125 0.06484375
1 0.2328125 0.2125 0.04375 0.06796875
1 0.27578125 0.2140625 0.034375 0.05
2 0.109375 0.2609375 0.0859375 0.10078125
2 0.54921875 0.21953125 0.0390625 0.08203125
2 0.71015625 0.1875 0.0328125 0.06171875