1 0.3484375 0.42734375 0.05078125 0.0609375
1 0.46796875 0.47421875 0.05 0.06953125
1 0.56796875 0.49375 0.05234375 0.0609375
1 0.71796875 0.49921875 0.04453125 0.059375
1 0.84609375 0.5125 0.04921875 0.06796875
1 0.959375 0.36171875 0.0578125 0.06796875
1 0.809375 0.31953125 0.04296875 0.0546875
1 0.71796875 0.30859375 0.059375 0.0625
1 0.6453125 0.29921875 0.05703125 0.07734375
1 0.53984375 0.259375 0.05703125 0.06328125
1 0.47578125 0.2609375 0.053125 0.07578125
1 0.36328125 0.21640625 0.05703125 0.06953125
1 0.2859375 0.23125 0.05078125 0.05625
1 0.175 0.20703125 0.05 0.06796875
1 0.0828125 0.20390625 0.0546875 0.053125
1 0.01875 0.1890625 0.03515625 0.06953125
1 0.0203125 0.39453125 0.040625 0.05625
1 0.12265625 0.39375 0.06171875 0.06640625
1 0.2640625 0.428125 0.03515625 0.05625
1 0.4078125 0.64296875 0.07265625 0.07734375
1 0.546875 0.6734375 0.07265625 0.07734375
1 0.66953125 0.6609375 0.07578125 0.07265625
1 0.7921875 0.76796875 0.07734375 0.07890625
1 0.95078125 0.81640625 0.06015625 0.09375
1 0.9734375 0.55546875 0.04453125 0.0921875
1 0.8953125 0.19453125 0.04296875 0.06484375
1 0.78359375 0.16328125 0.05546875 0.06328125
1 0.69140625 0.18046875 0.05546875 0.06640625
1 0.56875 0.15234375 0.04921875 0.05
1 0.640625 0.06640625 0.03515625 0.0609375
1 0.7390625 0.07265625 0.03984375 0.0546875
1 0.81171875 0.06484375 0.04453125 0.0484375
1 0.9796875 0.21640625 0.040625 0.06640625
1 0.48046875 0.1203125 0.0375 0.059375
1 0.5078125 0.05703125 0.040625 0.05625
1 0.59609375 0.0234375 0.0328125 0.046875
1 0.44609375 0.06015625 0.0375 0.040625
1 0.38125 0.0453125 0.0375 0.0578125
1 0.29765625 0.034375 0.04296875 0.053125
1 0.3296875 0.14609375 0.040625 0.059375
1 0.2078125 0.13515625 0.040625 0.0578125
1 0.18203125 0.05078125 0.03671875 0.053125
1 0.1078125 0.02578125 0.03828125 0.0484375
1 0.11328125 0.10390625 0.040625 0.05
1 0.1140625 0.578125 0.071875 0.06796875
1 0.18671875 0.57734375 0.04765625 0.07265625
1 0.23671875 0.59375 0.04453125 0.07265625
1 0.50546875 0.9015625 0.084375 0.07578125
1 0.32578125 0.86015625 0.0828125 0.08046875
1 0.2109375 0.83203125 0.0828125 0.07890625
1 0.08671875 0.834375 0.0796875 0.08046875