1 0.43876266956365384 0.4124375347062431 0.09379284946188075 0.10415395407749291
1 0.33303286207727456 0.23685016448969884 0.13289389081820957 0.1396200926364372
1 0.12043435463367644 0.36240540861720405 0.10204199710451585 0.11375627461060622
1 0.27452457940739805 0.6052424633151998 0.1148330955329393 0.1203699874635877
1 0.02500203825595696 0.5544003434943671 0.05000407651191392 0.10682431301126591
0 0.29625391439636733 0.8925007709161896 0.10011562406898662 0.1058983105039836
1 0.3032080816837096 0.9609552542231421 0.13081766046291676 0.061540556743059936
1 0.7345951304836366 0.7947054992750842 0.14248721463952735 0.14458037727617334
1 0.5999013767595829 0.3866837137774183 0.11385279238978611 0.13282452335696499
1 0.4831292154680966 0.14666177052047816 0.11839474317557439 0.12983591567683303
1 0.5778081687350843 0.10723790617642862 0.11654114474715094 0.12354045157021036
1 0.5940753316792005 0.018583549287719464 0.09622433664159917 0.03716709857543893
1 0.7457598021096958 0.08596699676780173 0.1332577638537389 0.14743259263643718
1 0.9290794545098418 0.3880282872800326 0.1105480099247977 0.162375631037097
1 0.6331097131962944 0.7290015944188039 0.11007282092583352 0.11867109514371954
2 0.09824886973026961 0.6712264791503175 0.1200300177826803 0.13144387978345584