1 0.549512103146699 0.48671875 0.06128293364502539 0.059375
1 0.7099582028755526 0.70546875 0.05971134328594587 0.0578125
2 0.7822281126146688 0.771875 0.05970225292686635 0.05625
2 0.6791718111886131 0.62578125 0.04713862041330898 0.0453125
2 0.6584962177062754 0.55390625 0.040843168617910666 0.0375
0 0.6022962146812134 0.5453125 0.06129202400410492 0.0609375
0 0.35300578357027074 0.2890625 0.06914997579950315 0.06875
0 0.2814489461380574 0.234375 0.07386474687674198 0.0734375
0 0.2125257084346975 0.3984375 0.07071247579950324 0.06875
2 0.48445979576871495 0.38828125 0.03614657825883114 0.0359375
2 0.4935757205349459 0.4328125 0.04557612041330898 0.0453125