1 0.29609375 0.0828125 0.059375 0.0671875
1 0.25859375 0.27578125 0.05703125 0.06484375
1 0.27734375 0.5109375 0.0671875 0.06015625
1 0.125 0.803125 0.0625 0.071875
0 0.171875 0.7296875 0.0515625 0.05859375
1 0.046875 0.8921875 0.08046875 0.0875
1 0.07578125 0.365625 0.06015625 0.06796875
2 0.078125 0.05625 0.05859375 0.05703125
2 0.1359375 0.02109375 0.059375 0.0421875
1 0.3765625 0.94375 0.0609375 0.07109375
1 0.51484375 0.76328125 0.05546875 0.05703125
1 0.56640625 0.828125 0.06875 0.05546875
1 0.50078125 0.44296875 0.05390625 0.053125
1 0.4859375 0.28203125 0.0609375 0.05546875
1 0.49609375 0.1609375 0.06796875 0.0453125
1 0.65546875 0.27578125 0.06640625 0.075
1 0.64375 0.50546875 0.053125 0.0671875
1 0.7453125 0.27578125 0.06015625 0.07109375
1 0.82265625 0.209375 0.05390625 0.0515625
1 0.81796875 0.1015625 0.03828125 0.0453125
1 0.8953125 0.3625 0.0671875 0.06640625
1 0.93125 0.65859375 0.06953125 0.0546875
1 0.02578125 0.3296875 0.04375 0.0515625