1 0.1469856469514968 0.4252390021842015 0.12742608411256368 0.15138327488562506
1 0.3515509479847691 0.5432662228332642 0.13537493949875792 0.17500261284152785
1 0.6153276225546083 0.6345504119471881 0.13076925273047452 0.1889560100679862
1 0.9280533188890573 0.6387534815700702 0.14389336222188548 0.21279355357097246
1 0.8055304417382532 0.7006878242756256 0.12753516842151918 0.17013327488562524
1 0.9339993127407371 0.35997451813920217 0.1306510780624393 0.16864351006798622
1 0.7952271833504378 0.2723809863197229 0.11023858411256367 0.150983231382639
1 0.5230340207826514 0.211365525454306 0.08831813231716552 0.14266158510611113
1 0.3851931323171656 0.14957142743041701 0.10068177693097127 0.11951502583555565
1 0.2576357588787946 0.10988871874920161 0.10556926483072289 0.15399912860909729
1 0.12470053903121973 0.08570372349885427 0.105496541958086 0.14149912860909733
1 0.5372793697259379 0.5116564661837504 0.10095448770335977 0.16639002583555573