1 0.044139045021597545 0.38675577080156254 0.0724218202884723 0.09226154160312508
1 0.14166866166284758 0.41713556145475705 0.07038654160312507 0.0719126740119446
1 0.32231794319798646 0.3619973858272919 0.07841724715020834 0.08146951196784738
1 0.3714633048052433 0.32644239874506975 0.06573540919430557 0.07336607123840286
1 0.24913370991548636 0.3040744766329863 0.06395470364722229 0.06395470364722229
1 0.46572571713368094 0.5183772852379518 0.10047408510611114 0.08979115824437507
1 0.4397041585287155 0.30616757275701423 0.05454333605604163 0.062173998100138926
1 0.49008536502572947 0.29016201947038234 0.04811149810013902 0.054216027735416714
1 0.531400696047778 0.2872195106366671 0.05457970364722229 0.06373649810013893
1 0.7025860182361114 0.32868357807534776 0.07358427678548622 0.07511040919430556
1 0.6415030478713891 0.3210152420193061 0.0719126740119446 0.07038654160312507
1 0.5934103867772225 0.3011560304882991 0.05610583605604162 0.062210365691319505
1 0.7170823164887501 0.21345862157833392 0.06417290919430556 0.07332970364722229
1 0.8512748253224653 0.17519816821545212 0.0688240416031249 0.07187630642076392
1 0.910886214665139 0.18673638668031325 0.06112064437666689 0.07638196846486114
2 0.7756215151019793 0.2124786562476048 0.047966027735416715 0.047966027735416715