1 0.13293837418427817 0.5933457506329722 0.030260244317957152 0.03384921034428636
1 0.14308276176453222 0.7272123191446265 0.04133411201270887 0.04204365626060227
1 0.11276006208884382 0.7792460450980092 0.038209112012708865 0.04193452885594055
1 0.21068331898870266 0.7084920901960187 0.041361385551659156 0.04360615626060227
1 0.27902244155471834 0.5531622386520727 0.030232970779006774 0.03228671034428636
1 0.4285759768614962 0.8012054129688423 0.03826365909060954 0.045059528855940556
1 0.42341514406978054 0.7291940037130151 0.04141593262955982 0.04673115626060227
1 0.406666200483172 0.5747966803920374 0.03346706493480802 0.0386458377489479
1 0.606126052753353 0.9534102976298982 0.05566934740221221 0.05815972958157971
1 0.6415669005626022 0.8367510764858388 0.049310253246410876 0.05169147477225664
1 0.6033811079489284 0.8408830157787326 0.042951159090609536 0.045223219962933214
1 0.5472208368456102 0.7545982861971527 0.05087275324641087 0.051746038474587405
1 0.32438376014297443 0.46808039972199833 0.03661933847375849 0.04031746515360961
1 0.29219677718910303 0.3685789075265466 0.04451365909060954 0.045277783665263985
1 0.18853026055001154 0.28922373502387555 0.03179547077900682 0.03234127404661713
1 0.09028762946257922 0.25221975362819704 0.030205697240056485 0.030724210344286275
1 0.10513533360249454 0.20823414065150564 0.031795470779006775 0.03234127404661713
1 0.6033287406612139 0.6589608931833943 0.047747753246410875 0.0516369110699257
1 0.5588832654179802 0.6175893595181303 0.038181838473758486 0.04037202885594056
1 0.4607985470746054 0.5001711918247828 0.047747753246410875 0.0516369110699257
1 0.6695013912304068 0.513705446085952 0.04451365909060954 0.045277783665263985
1 0.789432061685102 0.4960318511654279 0.04928297970746058 0.05012897477225664
1 0.8499055060824894 0.7846876125981732 0.05561480032431163 0.055034729581579886
1 0.9374970093289002 0.8377158980775358 0.04610343262956 0.04689484736759475
1 0.8230125803560837 0.1833334437236993 0.041388659090609535 0.04516865626060227
1 0.7136824448044244 0.13735376641170483 0.038154564934808025 0.03880952885594056
1 0.7277352621748646 0.09255962158384796 0.03653751785690744 0.0356299651536097
1 0.6284074180190633 0.0828448264858386 0.04443183847375849 0.04059028366526396
1 0.6853471647726523 0.034863683472080284 0.045694329545304765 0.023457347367594816
1 0.8176335592527654 0.09882203446787216 0.019159103084255235 0.02409226442797028
1 0.5809183579522237 0.35914194245775494 0.04130683847375849 0.040481156260602266
1 0.5110013242670037 0.3793428258528664 0.03823638555165907 0.043497028855940555
1 0.4526257625786064 0.38979668701545933 0.0365920649348082 0.0387549651536097
1 0.395939385955401 0.3628323937315485 0.03977161201270887 0.041989092558271414
1 0.5269456984545772 0.48764639917384417 0.030260244317957152 0.03384921034428636
1 0.3795995454530476 0.2318725704105708 0.03343979139585782 0.03708333774894799
1 0.3140585458600847 0.055471272317336597 0.030205697240056485 0.03072421034428625
1 0.21047562418757346 0.11509675426116925 0.025463650162155814 0.027435519237293704
1 0.29801653449599896 0.12049607159169717 0.031822744317957154 0.03390377404661713
1 0.09898474512873603 0.16898066769334763 0.017432961850553076 0.01466270072563942
1 0.2542001249983524 0.24935519237293696 0.033412517856907444 0.035520837748947896
1 0.5062632313290184 0.3315501665970393 0.03661933847375849 0.0403174651536097
1 0.47399047361838065 0.27186514255042216 0.033412517856907444 0.035520837748947896
1 0.5427989748361967 0.23288697730414526 0.03343979139585791 0.03708333774894799
1 0.6347467414752881 0.3118329220393349 0.025463650162155814 0.027435519237293704
1 0.7071711663942102 0.3010888841977197 0.03820911201270878 0.04193452885594055
1 0.7381677962638264 0.37712559454200595 0.05092730032431163 0.05487103847458741
1 0.6955166461016707 0.3490898745790728 0.042951159090609536 0.045223219962933034
1 0.7752239168012472 0.12935278265377365 0.039771612012708776 0.041989092558271414
1 0.1504689732113435 0.43468007876327325 0.039771612012708825 0.041989092558271324
2 0.08272809415250608 0.4900917758607156 0.035029564934808154 0.03870040145127884
1 0.4524449358759707 0.1110541281224519 0.030205697240056395 0.030724210344286275
1 0.5409074180190633 0.07978925915531068 0.033412517856907444 0.035520837748947966
2 0.45568298417168746 0.07290928737827904 0.02543637662320535 0.025873019237293703
2 0.2628379285657795 0.8336756286706061 0.04451365909060954 0.045277783665263985
2 0.35348624796481454 0.8829067915546303 0.044540932629559826 0.04684028366526398
2 0.3384071241842782 0.6005208774894797 0.042951159090609536 0.045223219962933214
2 0.4587028441558013 0.022264446634106188 0.023655688311602675 0.013318455534962836