1 0.6465602069910413 0.3564590046853605 0.15825776385373888 0.14816001834239997
1 0.806932626759583 0.38065971964991296 0.11661391935425698 0.1251029515702104
1 0.3205967888796387 0.939384131103604 0.1874700748547749 0.1053193004748536
1 0.43411586497275867 0.3446961052393565 0.15266273531769164 0.1620406619159093
2 0.4144324878034002 0.7338040693459792 0.16229029238978612 0.13423391066226814
2 0.05999131431080488 0.6630108138691958 0.11998262862160976 0.1127848079967011
2 0.11186633747016868 0.24484583557680822 0.09313787799792803 0.09009145407749282
2 0.008094982217319694 0.2972470730403959 0.016189964434639388 0.08363085391920828
2 0.5054622878416721 0.08593721918769462 0.09142982878371626 0.08692098997087014
2 0.48810135173819236 0.24092023588074202 0.07380568114108108 0.07704588479802066
2 0.7448736983045889 0.02551485355675035 0.06363016046291677 0.0510297071135007
1 0.029681037841672198 0.23962478965430103 0.059362075683344395 0.08012542069139794
2 0.32580471298689734 0.1910291991294349 0.08205482878371625 0.08664820533113407