1 0.4868494114536909 0.45818312119887583 0.1190348079967011 0.11786018657189175
1 0.7398847979010643 0.6684655944642962 0.1575804824490227 0.1540158551898026
1 0.5921363050272002 0.45131952196100167 0.09973923871722885 0.09900110226293642
1 0.7198999406831507 0.3575917269778536 0.09978470282385157 0.10056360226293633
1 0.6609220942857899 0.26416897990471977 0.07722774122451134 0.07699883723582168
1 0.4269850149771878 0.3342916241257421 0.08683006175762494 0.08486587939029935
1 0.23469822657652797 0.35885178347207486 0.12064277210332382 0.11943177693097136
1 0.10431439311129084 0.30882048809614326 0.13672241316955058 0.13514768052176757
1 0.15843020942126215 0.664815958041914 0.1688816953020042 0.16657948770335979
1 0.24598140439406196 0.20954212988127868 0.08526756175762476 0.08485678903121974
1 0.5012766581549857 0.17523881099222138 0.061148100158284535 0.06128293364502548
1 0.37967077962517115 0.050925133102732514 0.0675344924781526 0.06600679508134395
1 0.300875841382796 0.13577283177487262 0.061148100158284535 0.06128293364502548
1 0.2703101514910681 0.07890975341784556 0.07883570533113407 0.07857042759490125
1 0.47242658095795476 0.06992005191703507 0.05954013605166182 0.05971134328594585
1 0.6992955871596538 0.48195137754358763 0.08365959765100203 0.08328519867214013
1 0.3004967228156043 0.3912870335702707 0.10134720282385157 0.10057269262201593
0 0.3972627595669114 0.22585241023009556 0.08200616943775678 0.08015110831306052