1 0.4078221748480331 0.17188699847994418 0.07235838479802066 0.07317751482874764
1 0.2723894770387464 0.03791451752876082 0.08673913354437941 0.07582903505752164
1 0.4364376051728495 0.008878956996631911 0.05725021034569906 0.017757913993263822
1 0.6102448297043134 0.0588272884803817 0.041852530878812286 0.04384284190105418
1 0.6132765529821361 0.13613920498228452 0.06905152837152997 0.06680018083635883
1 0.6850689849563052 0.10349118965924531 0.05301735141192587 0.05210101087441492
1 0.7403391581549856 0.1481696782905388 0.05779577962517113 0.05541701186299806
1 0.5944285792420951 0.375470960419492 0.09169941818411545 0.09425401878308026
1 0.7313602779093115 0.3503370147543855 0.0836141335443795 0.08456068380210838
1 0.8475188238318185 0.2564358230436118 0.05944920783841638 0.058605678859192524
1 0.9587374686589692 0.23469613281571275 0.04663095909205772 0.04715884288963732
1 0.8393078555685609 0.13553307403219494 0.035284282132453625 0.03265067391627659
2 0.800228635193732 0.19031341593324913 0.03215928213245363 0.032523339923887826
2 0.8995526852728745 0.21677114517300247 0.04332410266556721 0.04078150889724856