1 0.10062827653818787 0.38000001324684385 0.08488406010845861 0.09044643992586625
1 0.19420101453613534 0.35280508538669525 0.08330337939029935 0.08726687622353531
1 0.4613435836215844 0.4886706966341062 0.1037431444174139 0.10985120435383636
1 0.2740905859592754 0.9207242169677082 0.22282948770335986 0.1585515660645836
1 0.7575595325883121 0.3857565500769688 0.1131181444174139 0.11017858656782167
1 0.8087351714465811 0.18680318410505245 0.09272383118569749 0.09540675843752053
1 0.6230971324153615 0.09752488537884604 0.08485678903121965 0.08575893992586621
1 0.4631454154946528 0.12708835588993334 0.10056360226293641 0.10036707694917477
2 0.41967773750696813 0.30834579037350396 0.0817045179539809 0.08096231252120453
2 0.1862243671918551 0.1900595487262064 0.07073065651766237 0.07433036660488854
2 0.4161209454506863 0.23401791296884222 0.05972043364502557 0.06144842068857255
2 0.3024124485739443 0.15662454454985517 0.06760565651766245 0.07422123920022683