1 0.26545458163720576 0.02519889998409164 0.06215916327441153 0.05039779996818328
1 0.3376847857302202 0.08909612595482026 0.0723530348257091 0.06954997867599957
1 0.40629534486618885 0.1602166006126843 0.06248671189493056 0.060065890674726896
1 0.5073322224103801 0.11917288259868494 0.06585737336031983 0.0647897533418178
1 0.5254890801668678 0.19713425059677592 0.07572369629109836 0.07427384134309048
1 0.598002567276569 0.2830621125875491 0.07251680913596861 0.07267497867599956
1 0.7102402956798429 0.3513297599061407 0.06914614767057933 0.06795111600890866
1 0.751091024987628 0.4446615892345955 0.06256859905006032 0.06162839067472703
1 0.832986156149864 0.5007746818905504 0.06585737336031983 0.06478975334181776
1 0.8766310148108627 0.6026729892186872 0.05911605042954164 0.05534202800763595
1 0.9785277496035153 0.6505645018698696 0.04294450079296937 0.07111247867599957