1 0.819428573235173 0.5891916401051729 0.18561411094166685 0.19171864057694457
0 0.7196559237276041 0.11208623907899244 0.16973453780340292 0.18041746466513903
0 0.333091029732187 0.6176894609623261 0.16490156743868073 0.17405836189159735
0 0.3227645934680547 0.9607127623490971 0.1545797036472223 0.0660640239356944
1 0.5509039640964581 0.21674063753972175 0.11697190729444458 0.12765483415618065
1 0.34303821913045124 0.1567701447579164 0.0864479526972917 0.09102634992375007
2 0.1594911819926384 0.5616063811745484 0.08797408510611118 0.08950021751493065
2 0.028502940445104014 0.43048628058520827 0.05700588089020803 0.12340243882958343
2 0.24414351139916643 0.31289481781993034 0.09287979065319459 0.09898432028847229
2 0.28013882883784713 0.14183678220072893 0.059230836056041715 0.06228310087368061
2 0.135660823803854 0.21000816679374984 0.04324216014423614 0.04629442496187508