1 0.4789853709686147 0.2083612924004826 0.06221320967712849 0.06404921189493056
1 0.13475360401450392 0.6210572077110591 0.2177098465663966 0.22339099163225704
1 0.3627694421038451 0.6353564823600029 0.13765416542531544 0.14437852103089915
1 0.5590943244449993 0.7247442882166111 0.1473202638537389 0.1511198439616777
1 0.8653808275453713 0.4541606298034395 0.06377570967712813 0.06413109905006031
1 0.7572858453280515 0.3200578674789677 0.0604323858558109 0.0592798247398008
1 0.689503339951368 0.24523825192056395 0.05389128742738745 0.05270227611928178
1 0.6261728941279785 0.15890460424998465 0.05901543507002245 0.06232293758467104
1 0.5587049501666158 0.2791075616223594 0.07195208271265763 0.0723530348257091
1 0.5901239623677247 0.47889287765573296 0.07693068114108108 0.07884869629109836
2 0.4418320115819364 0.4679885979184066 0.0752954065339754 0.07720430913596843
2 0.7863868403656527 0.4014649977366925 0.06221320967712849 0.06404921189493056
2 0.8405327231210918 0.6345508146745772 0.06050516046291676 0.0608423247398008
1 0.0306698413991101 0.5803768967660682 0.0613396827982202 0.10450379353213642