1 0.3494395235422456 0.4734418595803721 0.1739398806803952 0.2107853157455871
1 0.24514531006683948 0.27376123376794564 0.144996674511885 0.163419392044481
1 0.7441695965947286 0.5446530174564609 0.1451603157455871 0.17279439204448083
1 0.5986406826328551 0.4253553668872681 0.1404728157455871 0.17271257142762994
0 0.14256005235620176 0.3341277637997177 0.07652731818121908 0.08880912986961631
2 0.8984709074690518 0.20612453125617866 0.0768273271096728 0.1059966298696163
1 0.7834107435071782 0.08629504667745416 0.06071140340856651 0.07759889448011292
2 0.8294363096598023 0.08939672727841914 0.07669095941492117 0.0981841298696163
2 0.3662175150175337 0.1833935580382446 0.08762845941492108 0.09837504464226869
2 0.5835840673704402 0.04060781453106636 0.09220686525911966 0.08121562906213271
1 0.5595505036534479 0.11441391274735277 0.08757391233702042 0.09525004464226869
2 0.004389670861732333 0.4311136323052483 0.008779341723464666 0.07839773538950343
2 0.5138992642067548 0.31358779829901196 0.08299550649282175 0.10141822402541774