1 0.31522888024567414 0.21277534082899088 0.0675344924781526 0.06791667549789597
1 0.14729488565595047 0.09820686542376215 0.08499477711788872 0.07789187622353536
1 0.30572716277383916 0.02866323565684774 0.05417067445232169 0.0377926658792491
1 0.49803668322781025 0.05805810289470844 0.04024456677218957 0.04198909255827139
1 0.5176384778966762 0.13694699472734043 0.06579013605166181 0.06161211179556512
1 0.5854541152019793 0.09082845207640179 0.04980142319868044 0.04856647477225653
1 0.6501471010162143 0.12515137757429776 0.056096887305303156 0.05034722958157998
1 0.548759131103604 0.3843775554344464 0.08535848997087019 0.0903918762235354
1 0.6847708389420205 0.3328200338349 0.08035274122451135 0.07929068511654283
1 0.7836068072052782 0.21505466967708217 0.05770485141192587 0.051964293283910834
1 0.8928286945105814 0.17038206513791124 0.04346049498543501 0.045223219962933124
1 0.7473092575218474 0.09178829526764537 0.03519335391920819 0.02932540145127882
2 0.7211810150436948 0.1565675578815171 0.03211381802583091 0.03077877404661713
2 0.8280986047771381 0.16421142149118073 0.043233174452321776 0.037410719962933124