1 0.31982806962288224 0.3293986714211715 0.07194904160312507 0.07358735731976358
1 0.47122626225218767 0.29586919561399255 0.08633884992375015 0.08830482878371626
1 0.574695447947639 0.24840134429008504 0.06395470364722229 0.06541098428423427
1 0.641735517951771 0.14460856430629568 0.08633884992375015 0.0883048287837163
1 0.7169517638677083 0.056804657358035616 0.062028527735416714 0.049713209677128445
1 0.18147735049243094 0.4876199321745385 0.04157055737069446 0.042517139784752266
1 0.16736160552642407 0.5517359361034799 0.03353985182361115 0.03277826674922295
1 0.12759059070878517 0.5530051836222805 0.03517508700597225 0.035976041356328814
1 0.10170089114562549 0.580674265301481 0.03517508700597225 0.035976041356328994
1 0.070941853626563 0.6003125231593638 0.023983013867708357 0.024529119106587772
2 0.2640346241437851 0.4469821236547018 0.059158100873680654 0.06050516046291676