1 0.10234375 0.55703125 0.034375 0.05703125
1 0.03828125 0.4609375 0.04375 0.06328125
1 0.2125 0.4640625 0.0578125 0.05859375
1 0.403125 0.465625 0.05703125 0.071875
1 0.32578125 0.49296875 0.04140625 0.04453125
1 0.453125 0.6453125 0.08125 0.08984375
1 0.840625 0.68125 0.14296875 0.21796875
1 0.68515625 0.52109375 0.04140625 0.04765625
1 0.5953125 0.47890625 0.028125 0.0484375
1 0.6453125 0.41015625 0.0265625 0.03046875
1 0.93828125 0.76171875 0.07578125 0.08671875
1 0.11640625 0.37890625 0.01953125 0.0234375
1 0.2625 0.35 0.01640625 0.0265625
1 0.23203125 0.38203125 0.02421875 0.03046875