1 0.12265625 0.55859375 0.1578125 0.16875
1 0.43125 0.71484375 0.14453125 0.1390625
1 0.68125 0.84921875 0.15625 0.146875
1 0.82109375 0.78515625 0.10546875 0.1140625
1 0.5390625 0.83046875 0.084375 0.09765625
1 0.65 0.47265625 0.06875 0.09375
1 0.721875 0.43359375 0.06484375 0.090625
1 0.5125 0.390625 0.0359375 0.0671875
1 0.55859375 0.3328125 0.0546875 0.07265625
1 0.47421875 0.44765625 0.0625 0.05
1 0.53828125 0.2125 0.03125 0.0421875
1 0.5953125 0.22890625 0.02734375 0.04140625
1 0.67734375 0.1984375 0.04453125 0.053125
1 0.64609375 0.1515625 0.03359375 0.04453125
1 0.7390625 0.13359375 0.0375 0.03671875
1 0.578125 0.1625 0.03046875 0.0296875