1 0.3179843263139236 0.66313165097623 0.20900333703942992 0.2083148806803951
1 0.4857859464326449 0.4203832690780187 0.11002041549465283 0.11284664772652384
1 0.7423000877268009 0.23623654545963818 0.10060905405833438 0.10643300649282175
1 0.7763665363989412 0.15440016437220586 0.05031816256778665 0.055560253246410875
1 0.8212295845053472 0.09659161851212117 0.05188975292686635 0.057150026785361206
1 0.6670728287498106 0.2766081753292545 0.05346134328594587 0.058739800324311545
1 0.5991949823406066 0.2621695742735943 0.05346134328594587 0.058739800324311545
1 0.31922516032829146 0.44985040097622997 0.05189884328594587 0.058712526785361166
1 0.3979450579671593 0.4805043372592378 0.07546360831306051 0.0809966298696164
1 0.057732627543587635 0.6840789452114616 0.07705337939029935 0.08571140340856669
1 0.15081098273339016 0.5293448064133915 0.06448065651766241 0.07299321509696384
1 0.15967692262493158 0.6166811651796895 0.06603406615858276 0.07145798863591431
1 0.083437130372258 0.5625488185882561 0.04872839149054777 0.05084547970746058