1 0.7099842950460105 0.380695657472347 0.1556341655834313 0.14642280681713338
1 0.8779627276755704 0.4230898888046607 0.11311938311602746 0.12693642126547414
1 0.3401834529155087 0.9537293774372795 0.17641822402541765 0.08430463636243815
1 0.48663256980277686 0.34473838677277047 0.14812167451188502 0.16347393912238167
2 0.45705948700776594 0.7547543149381035 0.16317393019392784 0.130934174511885
2 0.08390658481701525 0.6432630304388092 0.1206591477265238 0.11144778896022593
2 0.14972113068039522 0.2052624241081432 0.09061709172016937 0.09061709172016937
2 0.023854105923628886 0.24731533076312076 0.04050799756436802 0.08349433847375849
2 0.5679472049506942 0.07839459213050176 0.09053527110331831 0.08592959172016938
2 0.5457700162320543 0.24054971875370718 0.0716489034085667 0.07778980925276535
2 0.8211716164769356 0.03490014205107152 0.06350912094116268 0.058903441558013594
1 0.05177850852141665 0.19056077029253946 0.07951595048646734 0.08105117694751698
2 0.3773142966708636 0.1708117374213936 0.07962504464226879 0.08730117694751698