1 0.15383908768837923 0.29954710868872625 0.1769669799417403 0.1769999466899989
1 0.27826111150756266 0.508877750039771 0.19313754922121246 0.19593176002545326
1 0.46973424300687805 0.7236776887332697 0.19956940564770315 0.20225448535963508
1 0.7513071887711007 0.877004872772086 0.21256951082055267 0.2195874360279987
1 0.6082475105578553 0.8784662807526779 0.18509772868809904 0.18802835335772627
1 0.8998740355641729 0.6325565334579488 0.16951819279472174 0.18940904002227157
1 0.8299743756933277 0.48325542011454026 0.16414873119538137 0.1659169960216353
1 0.6143590505413608 0.29240151141785975 0.14172816191590948 0.14691245735199915
1 0.5210757149645525 0.16783676873804215 0.13837584138279588 0.13906359468490823
1 0.4252524010953566 0.07684759472467914 0.16199519780928676 0.14558631468808994
1 0.3258578063473484 0.028018648710997962 0.12953438730530314 0.04992836935072646
1 0.4647692613492781 0.572006100731997 0.16423965940862678 0.1690419960216353