1 0.5769841446183616 0.19959729251608355 0.18770579715018093 0.1921476356847917
1 0.727113619403591 0.2189979884684976 0.10588923111680745 0.14734639077317438
1 0.8677043198785608 0.24201500735169018 0.12571040818602874 0.13903592378986113
1 0.9561017565587207 0.20543902024198896 0.06601450361804453 0.10006859905006031
1 0.9656548982364062 0.08261899593172946 0.05984639077317411 0.10130355042954134
1 0.8988746754873418 0.4351574977407518 0.16130707146044046 0.1938805540475858
1 0.15233162539648476 0.30443743724598676 0.22766241180407348 0.2409879274079058
1 0.40352231117213355 0.2834820488476616 0.13640224672063966 0.13492163387576941
1 0.10253077849413102 0.09513103629604712 0.12471447421940245 0.17949714947960163
2 0.7313141977614365 0.06451520635632199 0.10030761646291494 0.10030761646291486
2 0.8118438234966053 0.1483336064017505 0.07300148801421216 0.11445864767057934