1 0.5303468299556371 0.6651270731692958 0.2783467370110612 0.2971759207925736
1 0.8522451493546722 0.6377349044428607 0.28040016071216733 0.32539192605424533
1 0.9006259224865854 0.46459280703134426 0.18849330438150141 0.24667612087727822
0 0.15067542552947774 0.7147057840596928 0.3013508510589555 0.3302460260260105
1 0.34364526542457074 0.3844476786144942 0.14313416558343128 0.15194047355046642
1 0.5476720665596613 0.21020435473932678 0.14475121266133187 0.15515647881213823
1 0.5149765689952932 0.2911967495058898 0.157496674511885 0.16994702090551303
1 0.3301300105533068 0.21786712336693975 0.11451824188232518 0.12217737884037314
1 0.2761846245946106 0.08255968394675321 0.08107845048646736 0.0843287683452643
1 0.2176221022734762 0.12216123926489479 0.06041139448011288 0.06283319994353027
1 0.3310454484578725 0.031011865474432 0.05353410308425506 0.02653167889684287