1 0.05078125 0.15 0.0859375 0.09453125
1 0.1671875 0.1609375 0.09453125 0.11484375
1 0.18828125 0.41796875 0.0859375 0.1125
1 0.3125 0.47109375 0.08203125 0.11484375
1 0.0921875 0.7578125 0.10859375 0.10703125
1 0.2859375 0.8203125 0.1 0.09609375
1 0.51171875 0.63984375 0.1015625 0.1375
1 0.53671875 0.915625 0.1125 0.13828125
1 0.7359375 0.7859375 0.08671875 0.13046875
1 0.60078125 0.57578125 0.07578125 0.10859375
1 0.8140625 0.92734375 0.09609375 0.12421875
1 0.83046875 0.62734375 0.11171875 0.13046875
1 0.9546875 0.72890625 0.08984375 0.12421875
1 0.97109375 0.43984375 0.0578125 0.12421875
1 0.83984375 0.32109375 0.0953125 0.1421875
1 0.96796875 0.1953125 0.0640625 0.10703125