1 0.025190436932049403 0.32745993668015994 0.050380873864098806 0.06741987336031982
1 0.16015613420318103 0.2942457242194024 0.060577935070022584 0.0624048247398008
1 0.24293224689962808 0.2993669934412793 0.04509848428423426 0.06471095318850333
1 0.39257052791687475 0.2813650231786057 0.04964043507002262 0.06183161465389251
1 0.44066342555950994 0.2744875814100632 0.03477741439185813 0.04390713025772479
1 0.4771103478092509 0.2654334859780475 0.026601041356328813 0.0356851944820761
1 0.505468634203181 0.31234278550307765 0.05432793507002263 0.06207727611928178
1 0.5751946292407822 0.39587898179417597 0.0848887303552928 0.08238313206674705
1 0.7002481331697237 0.4180958977821209 0.0903767510334573 0.09981629353213642
1 0.7982169063290876 0.36605976424503583 0.07609592721213972 0.09439180913596852
1 0.812942994004144 0.21803170002068462 0.059233758891340214 0.06701043758467104
1 0.9247900607961483 0.4901667288534998 0.1149058701400449 0.12448210085908258
2 0.6681184915229446 0.2503827753263123 0.060796258891340216 0.0670923247398008