1 0.04609375 0.28515625 0.05859375 0.0578125
1 0.184375 0.2546875 0.0515625 0.05390625
1 0.26328125 0.2625 0.0359375 0.05703125
1 0.4078125 0.246875 0.04140625 0.05390625
1 0.453125 0.24140625 0.028125 0.03828125
1 0.48828125 0.23359375 0.02265625 0.03125
1 0.51484375 0.278125 0.0453125 0.05390625
1 0.5796875 0.36015625 0.0734375 0.06953125
1 0.69921875 0.3828125 0.0765625 0.08671875
1 0.79453125 0.33515625 0.0625 0.0828125
1 0.81171875 0.19375 0.05 0.0578125
1 0.925 0.45859375 0.11640625 0.10625
2 0.67265625 0.22265625 0.0515625 0.0578125