1 0.6313415032464109 0.06834476702225184 0.09379663879807013 0.09486988229073819
1 0.4654046318982112 0.1798636255603136 0.09220686525911966 0.09326191818411553
1 0.31403086688067755 0.3652064290046682 0.09538641233702042 0.09647784639736087
1 0.024520127837726145 0.46532112311953816 0.03453073295387142 0.09939224623907635
0 0.07883943506189656 0.445818616851332 0.08266822402541767 0.0836141335443795
1 0.2643000535707224 0.11076296991261043 0.09538641233702042 0.09647784639736087
1 0.08718731777088666 0.7451282950645773 0.08743754464226869 0.08843802586424747
1 0.31482139406978055 0.7236410546314888 0.08425799756436803 0.08522209765100222
1 0.30774132548152444 0.810109752045064 0.09379663879807013 0.09486988229073816
1 0.5315650146072013 0.4808554757185982 0.08107845048646745 0.08200616943775678
1 0.6331939241048479 0.3534100888090065 0.0874375446422686 0.08843802586424747
1 0.7270609265404799 0.27337089931299 0.08582049756436802 0.08526756175762476
1 0.7672843262955986 0.475220555818623 0.10492505357072232 0.10612563103709682
1 0.5951344111159091 0.6334098258768828 0.08902731818121908 0.09004598997087002
1 0.8355900413925624 0.5412380124033984 0.09700345941492117 0.0996483105039836
1 0.940386635548364 0.550534107547118 0.07946140340856686 0.07883570533113407
1 0.9902779468330195 0.4677730833322231 0.01944410633396103 0.06327288981258547
1 0.8870549042160502 0.7160848997087015 0.10015573295387128 0.10130173871722885
1 0.7038641233702039 0.9554366239109608 0.09220686525911966 0.0891267521780783
1 0.2594119561685102 0.05439930964605373 0.05566934740221221 0.05784124373179385