1 0.35322335530713755 0.18676401988879765 0.20294537603436202 0.2566160129856435
1 0.09315691728995654 0.3178402905850789 0.1741113040260897 0.1951875892845374
1 0.20482331265913672 0.05188227962803029 0.0855567866804539 0.10303527110331837
1 0.5003085353278184 0.036670336852200704 0.0962579293443632 0.07334067370440141
1 0.5019597526257291 0.292739510149565 0.12823518268618095 0.14595915665497755
1 0.488720671904868 0.6921082646137918 0.12987040802036276 0.15223643019392802
1 0.5755501519335031 0.47969799351047354 0.14400563335454458 0.158731892044481
1 0.771970618594867 0.5153240276027307 0.13942722135581712 0.16802507142762996
1 0.9547216732972744 0.2489063206234416 0.07436474801081765 0.08096935633066593
1 0.9820552379455932 0.3835580101528603 0.028398814688090114 0.15827615016215582
1 0.8650148306413193 0.1715819358825613 0.06657042934436319 0.08239548863591431
1 0.7666687846515007 0.0983138056059079 0.07287497334499946 0.08719208279171564
1 0.6814108952896383 0.3099155531702759 0.10603291868236298 0.1174523271096728
1 0.6007426979630927 0.2613337771956936 0.09989200668363551 0.12671823295387147