1 0.309375 0.7994113432843092 0.1375 0.1431435696514182
1 0.1390625 0.7567745431934522 0.084375 0.08723440637700666
1 0.64765625 0.6348077741987179 0.146875 0.15144739258219672
1 0.90078125 0.48404205506769815 0.153125 0.15958744120271576
1 0.91875 0.22060035278370593 0.0796875 0.09011374491161739
1 0.50703125 0.45155261816039555 0.075 0.08205558344622813
1 0.5609375 0.43075876130841906 0.06875 0.0754780348257091
1 0.40703125 0.5427308960886996 0.08125 0.09488313206674696
1 0.4015625 0.6039550011316538 0.065625 0.07062676051544958
1 0.3609375 0.7076465671650273 0.0703125 0.08024742198083885
1 0.1265625 0.6480546404344901 0.0625 0.06577548620519007
1 0.33046875 0.46705586669005755 0.0484375 0.05253850180902227
1 0.61875 0.21288518656861827 0.05625 0.05919793758467105
1 0.540625 0.31463579432510586 0.046875 0.05245661465389251
2 0.49765625 0.566106441091174 0.0953125 0.10030761646291494
2 0.81796875 0.2782258242895749 0.109375 0.11198210085908267