1 0.07161708357259673 0.14805962459461056 0.07298612141421193 0.07778980925276531
1 0.27359627894075855 0.35794531899529325 0.0809077488188736 0.08105117694751698
1 0.08789940343501339 0.7262528084419865 0.09077382213985134 0.09527731818121907
1 0.03829376223535359 0.827961358766298 0.023005968781806753 0.1222022824674042
1 0.14360127721147803 0.6424175507313488 0.05579862141421197 0.07748980032431163
1 0.3336285988031752 0.9353748437520595 0.08274306733052797 0.08889095048646745
1 0.5604589389143759 0.8047758599874092 0.10398315027015244 0.11580800649282175
1 0.5023339256675319 0.707292933850671 0.0663541754978958 0.06674321509696383
1 0.5126835715916972 0.2873253072274657 0.07476687622353531 0.08406708279171564
1 0.5192981262235353 0.07379859537691263 0.09255457694917482 0.10155459172016938
1 0.27771826143274536 0.05065497037526499 0.07325893992586625 0.08560230925276528
1 0.6952529910143254 0.09808770901447457 0.07989088584218215 0.09664890340856665
1 0.7945263047166562 0.09791833929112796 0.08419643992586626 0.0857932240254177
1 0.8735664747722567 0.033218865265710294 0.05566964664195524 0.029079573863261897
1 0.9419866364751543 0.2016591737076967 0.09746033175849825 0.10788641233702041
1 0.660706898540872 0.38480250487455925 0.08085318511654264 0.07948867694751698
1 0.9544072801218849 0.5993154237076966 0.09118543975623013 0.10158186525911965