1 0.47270603205707173 0.6554369861226546 0.20474559577735912 0.2800243755128822
1 0.7895543871699217 0.7574518363894847 0.2424637840889618 0.2940523834215476
1 0.9153061075468344 0.6241061427015445 0.16938778490633127 0.2379987015966055
0 0.1112855166357962 0.5528928952473645 0.20844334009531634 0.31296420950527093
1 0.425626885955401 0.33212416152180585 0.10398984496658023 0.14320085475263547
1 0.686145600241586 0.25270993965924526 0.10250916558343129 0.1478246877564411
1 0.6207348344132735 0.312447036997507 0.109059174511885 0.1652668557412186
1 0.48545407913826766 0.17645248167403021 0.08321369480442442 0.11581068380210838
1 0.4929784326295598 0.03521995180657024 0.07183981818121907 0.07043990361314048
1 0.4212398003243115 0.039275416977603866 0.05769549756436802 0.07855083395520773
1 0.5675284192368792 0.008580526654564663 0.06005683847375849 0.017161053309129325