1 0.5539483014669773 0.8469147609694092 0.19264883538669525 0.198680580577372
0 0.9209572745099532 0.528859253249679 0.12971232576804823 0.18399803248413757
0 0.32280500590563177 0.41019597785229944 0.17173613466105592 0.18078375244707062
0 0.02095730762706307 0.5854117103442863 0.04191461525412614 0.17082342068857254
1 0.7783828833102935 0.4229762970817439 0.12322422359113024 0.1322718413771451
1 0.7438070197854479 0.20353432711881075 0.0891021947351895 0.09362600362819702
2 0.29963786833416906 0.22244051750801316 0.09061013103285882 0.09211806733052796
2 0.34815475780454835 0.042663737470946275 0.12244048439090331 0.0651389050794759
2 0.5606497794040948 0.18462309209493524 0.09718751324684405 0.10171132213985135
2 0.7304736952833438 0.13736369009550226 0.06155754809323426 0.06457342068857255
2 0.6071577355720297 0.03997528020670292 0.045059528855940556 0.03902778366526397