1 0.09611611968493142 0.36151290807470077 0.0748214399258662 0.0868849303072194
1 0.022552134112901683 0.37767113221398513 0.02131449400955022 0.07409226442797028
1 0.3159152429132419 0.48857394899635886 0.046150802902557686 0.07027778366526398
1 0.42222724109914334 0.4493700944571879 0.04598711179556503 0.06559028366526398
1 0.34705362630835335 0.41943456859647227 0.05190972958157998 0.05643353847458741
1 0.720932581210344 0.33339295270937397 0.047658739200226743 0.06876984736759484
1 0.6424107663268869 0.4086806401881694 0.045877984390903494 0.06246528366526398
1 0.5758953889222251 0.4032366828391082 0.04765873920022692 0.06876984736759476
1 0.30134185534177915 0.6745560890148924 0.055471239200226743 0.06904266587924912
2 0.2075546166897065 0.4020783990890261 0.05558036660488854 0.07216766587924912
2 0.3027579892850448 0.40228178493120836 0.039191474772256554 0.04974702885594055
2 0.3840079892850448 0.4051190974524129 0.031760920688572544 0.060411710344286364
2 0.5324727711362103 0.4110838991738441 0.05261905771188111 0.07674603847458741
1 0.46750253556418053 0.4275422236759482 0.04469743030721922 0.07334821996293303