1 0.8170945128858154 0.5817709437236993 0.27517375858420723 0.3079861479078998
1 0.5543036213952675 0.6226042417321155 0.10388859016268803 0.13485120435383635
1 0.49179959709657484 0.48680066178771586 0.08493860226293641 0.09982143992586626
1 0.5890563921779188 0.42455861133222894 0.08970791549465282 0.11404763103285873
1 0.38002980835994277 0.7602976707733905 0.10855790944452863 0.13188989546082902
1 0.4602127329297819 0.6779241695922642 0.059774975799503235 0.07082342068857254
1 0.3854950549420971 0.4924653300292176 0.06292724687674198 0.07562004809323426
1 0.30289111232008126 0.5880382356568477 0.056622704722264314 0.06602679328391084
1 0.16867467272312742 0.6904042891075596 0.1116556383672898 0.1273115228654909
1 0.2089047629840112 0.6253894135169964 0.07864315046753818 0.09179068511654283
1 0.23209734416970865 0.5339930872007939 0.056604524004105095 0.06290179328391084
1 0.27696493745565454 0.47773565271722324 0.04564884328594587 0.05939484736759475
1 0.12935764266889813 0.7327901965492881 0.05821247579950315 0.07076885698624161
1 0.05663373585664814 0.6075694525397379 0.03933521077238853 0.04823909255827132
1 0.8560085846035431 0.20570944072847439 0.08958065046753845 0.09217263103285873
1 0.7915733798812787 0.26753482893290936 0.06292724687674198 0.07562004809323426