1 0.271875 0.2921875 0.11328125 0.21484375
1 0.08515625 0.50546875 0.134375 0.15078125
1 0.08828125 0.23125 0.0515625 0.08359375
1 0.33359375 0.0875 0.05703125 0.09609375
1 0.44453125 0.32890625 0.08125 0.1140625
1 0.59296875 0.68046875 0.08046875 0.121875
1 0.584375 0.4640625 0.09453125 0.121875
1 0.77109375 0.421875 0.08359375 0.1359375
1 0.82578125 0.121875 0.05 0.0609375
1 0.94921875 0.209375 0.0765625 0.13125
1 0.715625 0.08828125 0.0390625 0.0671875
1 0.60234375 0.06171875 0.04140625 0.078125
1 0.61015625 0.2765625 0.06875 0.08984375
1 0.51953125 0.26484375 0.05703125 0.10546875