1 0.606069984178278 0.9201841832079957 0.18438645697928918 0.15963163358400861
1 0.8502620892911279 0.8308693577295392 0.12879893019392802 0.13401974317557439
1 0.8435053490303606 0.680432710086904 0.10667846834337488 0.11893839867609249
1 0.671178155847494 0.519156954091048 0.11454551542127547 0.1224272717116218
1 0.7424276388013654 0.4239579241072586 0.09067163879807012 0.09633565260503385
1 0.5703969058474939 0.5144629919327202 0.11454551542127547 0.1224272717116218
1 0.5481110284135096 0.6713658093438969 0.09546823295387145 0.10280397642635145
1 0.4089763904262185 0.6242274820079228 0.11454551542127547 0.1224272717116218
1 0.4491804249222174 0.5158542098820162 0.09859323295387146 0.10294952564056317
1 0.31758555154542284 0.4847047555815712 0.08582049756436802 0.08674232878371627
1 0.26415126542786604 0.8583027673683954 0.10983074188232518 0.12064644789030439
1 0.13441849553906843 0.49650262655018595 0.06682503571381497 0.07180653349844608
1 0.80766290097623 0.3597541829985988 0.08891822402541756 0.08532537799792798
1 0.4306191599046837 0.3249916153825342 0.07474662986961622 0.0784204065339753
1 0.2976254277615912 0.2843943864749834 0.06526253571381488 0.07173375889134022
1 0.29909642451518026 0.33450354838564217 0.07636367694751697 0.08161818114108117
1 0.33959078531007314 0.25429166356328864 0.07959777110331831 0.08801373035529289
1 0.21752705032760686 0.4386045434232434 0.07323867694751698 0.08147263192686935
2 0.48189214448670353 0.9263037123632156 0.11139324188232518 0.12071922249741007
2 0.35474899188891573 0.8640861945805351 0.11769778896022576 0.12413532092583353
2 0.17007180317027593 0.6936344917278324 0.1176159683433748 0.11944782092583353
2 0.08791959659472863 0.562360912944116 0.09703073295387141 0.10287675103345731
2 0.22305825568533813 0.5248695291552198 0.08582049756436802 0.08674232878371627
2 0.44570046347540615 0.222485199542934 0.09692163879807011 0.0966267510334573
2 0.446992002435632 0.10369881223938107 0.0698954886359143 0.06882708271265772
2 0.5942431034912922 0.17858114991443755 0.07151253571381488 0.07202485731976357
2 0.960953722000118 0.5365628937091845 0.06271028003177222 0.10440070967712849