1 0.27860644109117405 0.4887907492085771 0.08082063206674706 0.08347774122451135
1 0.41709240897899846 0.4808609257724699 0.0844369549975255 0.09294366943775678
1 0.5252700791508149 0.4558716344688163 0.0824650192218769 0.08508570533113406
1 0.6782999038906158 0.3936945802330388 0.07284435775648763 0.08012542069139794
1 0.8140227199239893 0.3491823991167996 0.081148180687266 0.08972774122451135
1 0.8665689450479028 0.15029861823798724 0.08271068068726635 0.08977320533113406
1 0.7052662748760864 0.17683368916681202 0.06939180913596861 0.0737844924781526
1 0.6085616932388807 0.2061694996707956 0.08887879353213642 0.08839256175762475
1 0.531634023067064 0.23024950884199563 0.09430327792830404 0.10259145407749282
1 0.40955430517923974 0.2377019591585648 0.08739818068726599 0.08990959765100204
1 0.34558033638690416 0.26764552342347203 0.08953389077317438 0.10089256175762476
1 0.2164693684990798 0.27530256221984317 0.09076884215265535 0.09468802586424747
1 0.14287806026762234 0.32502742907117516 0.07744997060135783 0.07869931301126609
1 0.031407712008501884 0.3504031652811216 0.06281542401700377 0.09133570533113407
1 0.042018784769938256 0.5574427754685362 0.08403756953987651 0.09477895407749273
1 0.19386959294562484 0.5279190968595794 0.06149742198083885 0.0719946719450391
1 0.41865715174290924 0.6742699449727998 0.110337713703953 0.11085859514371972
1 0.5693498705352447 0.6418031227903338 0.110337713703953 0.11085859514371954
1 0.6899356874731295 0.5735495647936327 0.11173643939369349 0.10777905925034226
1 0.8526536934660232 0.6241991194916284 0.11518898801421251 0.11411998746358769
1 0.9473674864323327 0.3351617000538717 0.07267393939369349 0.10664245658477531
1 0.7456090711217562 0.0286966836900287 0.07440685775648763 0.0573933673800574
1 0.6214755303031533 0.03956781911486997 0.08739818068726599 0.07913563822973994
1 0.5341935362960472 0.09210465116186367 0.08748006784239593 0.0914720976510021
1 0.40011178539153597 0.12018785022479157 0.07243492198083885 0.07231292069139798
1 0.4392329183627942 0.020583969979117434 0.06215916327441153 0.04116793995823487
1 0.5417780642243513 0.00037911856719163585 0.06331887155129756 0.0007582371343832717
1 0.8271866197422753 0.02112822459797095 0.0550017605154494 0.0422564491959419
1 0.29826268034858183 0.12861176715526584 0.06643058344622813 0.07681856426490725
1 0.3035919894845504 0.05669130304864316 0.06265048620519006 0.06422763605166189
1 0.38614553991409173 0.005572735418523627 0.03708392017181659 0.011145470837047254
1 0.24130335142490952 0.08424565320692771 0.057635437584671045 0.05784124373179385
1 0.1737097376755281 0.10883412773839167 0.055827276119281864 0.05310827962517117
1 0.0854760753056277 0.14026363565595049 0.05369156603337353 0.0421253155185485
1 0.15531386250618598 0.22169784059137312 0.06963747060135783 0.07847199247815259
1 0.031111140886745676 0.2651787191211876 0.06222228177349135 0.07686402837152997
1 0.09683638342554349 0.7421383727238268 0.10515889077317438 0.10134720282385157
1 0.17034912652813855 0.7087970238191834 0.08295634215265535 0.09446070533113407
1 0.22684478799352775 0.7024728159807669 0.07974945499752559 0.09280727711788864
1 0.6128254743350035 0.8839164149519171 0.12143898801421234 0.1143018438900782
1 0.4149711504997137 0.9232159103330637 0.12160276232447184 0.11742684389007821
1 0.28771260968111084 0.940179752969501 0.12086577792830414 0.1033643438900782
1 0.16518583446634022 0.9710469712327587 0.11018722749876284 0.04844952335696497