1 0.37280584902377 0.30263151854450826 0.05278980925276535 0.07301477611928178
1 0.5107615909060952 0.4111323360482199 0.05596935633066593 0.07630355042954129
1 0.37762221387914796 0.08577488919129468 0.057668224025417734 0.08419793758467105
1 0.3343085905023534 0.11306772953492772 0.04971935633066593 0.07597600180902231
2 0.10200637946257922 0.2441008028043905 0.06216480925276531 0.07350609905006031
2 0.14714337580913125 0.3660676560383223 0.06386367694751698 0.08140048620519007
2 0.1851536647693571 0.4829342514703381 0.05599662986961631 0.07786605042954128
2 0.16028607832419348 0.5366291395299789 0.06386367694751698 0.08140048620519007
2 0.2025884009696394 0.6305938234966054 0.08313187418757347 0.11207063206674714
2 0.24891575040044653 0.7759572331529723 0.06389095048646727 0.08296298620519024
2 0.13067031087102782 0.8110869069428335 0.07819891233702041 0.09776247060135787
2 0.09922366760873089 0.7118615128902988 0.05753185633066597 0.07638543758467105
2 0.06096791679795198 0.5809324174582831 0.0815421006486231 0.11042624491161739
2 0.034884883519769004 0.43059822478522936 0.0564602800317721 0.10442855042954129
2 0.020879110387855754 0.2553901848711376 0.034448912337020396 0.09546963025772479
2 0.09451543344033876 0.17333460142490953 0.06879663879807005 0.09570864767057934
2 0.27954895251506223 0.15659972354203391 0.059230724025417736 0.08427982473980081
2 0.3649603469951751 0.2115528171650273 0.049637535713814886 0.07128850180902227
2 0.4546404557614731 0.19746930574506658 0.05591480925276535 0.07317855042954129
2 0.5087512573036006 0.20636294889309018 0.05750458279171564 0.07482293758467104
2 0.5440478291382677 0.16776079432510585 0.05273526217486459 0.06988977611928182
2 0.49572733157389964 0.08740490897899841 0.05281708279171564 0.0745772761192818
2 0.44546823295387145 0.07518154794315048 0.05917617694751698 0.08115482473980082
2 0.5891909594149211 0.06608542967121331 0.06073867694751698 0.08123671189493058
2 0.6159637394466932 0.16633773518913725 0.07033186525911965 0.0942280348257091
2 0.5824711753226639 0.2634926961795567 0.08000687418757338 0.11190685775648763
2 0.6450257224005647 0.26334220997436664 0.055887535713814884 0.07161605042954129
2 0.6965433579522238 0.30286837743264966 0.05766822402541756 0.08419793758467105
2 0.7419024967502938 0.3927630370890166 0.07194891233702042 0.09743492198083885
2 0.6708593396882792 0.4441860962249852 0.0544341298696164 0.07778416327441154
2 0.6218878258885615 0.595325872344267 0.05761367694751698 0.08107293758467105
2 0.5315219245085897 0.6149190773417926 0.06712504464226861 0.08937676051544959
2 0.46882132710637753 0.5619036199694178 0.06410913879807012 0.09546298620519007
2 0.45837297645775443 0.45610399932263146 0.06567163879807011 0.09554487336031983
2 0.7839417666357962 0.516456164633208 0.08305005357072233 0.10738313206674714
2 0.8680594423654974 0.631688338988896 0.07997960064862326 0.11034435775648763
2 0.7230099951254407 0.609575400838398 0.06871481818121908 0.09102114767057934
2 0.6804367114402207 0.6344835476044662 0.060847771103318314 0.08748671189493056
2 0.6571703555132965 0.8695103228192369 0.06421823295387127 0.10171298620519025
2 0.8002521538090133 0.8236954545472998 0.07674550649282175 0.10393058344622794
2 0.30520448091868596 0.9544230698785607 0.09325116801906326 0.06576884215265544