1 0.19026513725538133 0.7526972322424108 0.24150174145062522 0.24043514422102225
1 0.5498953636040271 0.7060797448336386 0.2110141544446531 0.20588742739850935
1 0.8459170316320479 0.6738929169675908 0.22696646276527802 0.22004083098930566
1 0.9209923796559372 0.5359747604499284 0.13655836189159737 0.16171018052176755
1 0.7099782252112841 0.7418621878484379 0.13277874525034736 0.13356699980360834
1 0.6061882632990274 0.36829794370217045 0.1168991721120836 0.12253859621281205
1 0.6485952752668748 0.2914990943661004 0.1120662017473613 0.1162613251355733
1 0.4395819915475344 0.3778598169441497 0.07213087955902786 0.07853406615858276
1 0.44681456971979133 0.3020467506873711 0.0912809230620141 0.09583065046753818
1 0.4378908985576385 0.4505160669441497 0.08622974715020834 0.08017837939029934
1 0.36225969139503456 0.20958251561628982 0.052835365691319504 0.05498748184962743
1 0.4205267862847915 0.18971492233034398 0.04963763050895835 0.051844301131468117
1 0.476160496865868 0.11518255494209717 0.07198540919430556 0.07228406615858281
1 0.422781576937986 0.09283992233034398 0.05603310087368065 0.05813066256778663
1 0.4931499347455208 0.02442224131759715 0.054325130508958354 0.0488444826351943
1 0.3684928140202082 0.143148994539051 0.04476829255305557 0.04400453005422929