1 0.20510428411101067 0.7950868753580443 0.19130226458147642 0.1865385786919079
1 0.4462330524534107 0.946594831357408 0.1313529515702104 0.10681033728518408
1 0.5775308650689653 0.8720521014083147 0.10671666442319179 0.12463746801399936
1 0.6203930003292044 0.627321404081769 0.11452916442319179 0.1247283746817267
1 0.7496402311288746 0.6405401140992681 0.09188127461060631 0.09791133601209037
1 0.5637361718785321 0.5321628980744512 0.11604620031656906 0.1231840560152719
1 0.40787862846330747 0.5975140833863612 0.095188131037097 0.10419769867918127
1 0.36753111012090744 0.44553341271481595 0.11604620031656916 0.12318405601527208
1 0.4894826664682559 0.4227418973981334 0.10139266693047429 0.10270792401336308
1 0.43784830713877126 0.2854686167249973 0.08995506175762476 0.08539315467854491
1 0.06909361012090741 0.44206077800763605 0.1098416644231918 0.12467383068109025
1 0.31682745031656917 0.1255203573758617 0.06927884890464338 0.07265679734245412
1 0.8463704786215921 0.663533266112313 0.09606866943775678 0.08077838001272682
1 0.650734752045064 0.3012225280871778 0.07727320533113406 0.07899770401018139
1 0.6067537683424 0.15857140408176895 0.0661993130112661 0.07418293467536322
1 0.5630636043149198 0.1869594860757238 0.07740959765100222 0.08368520401018134
1 0.6596885517284949 0.17949297875554135 0.07919941818411544 0.09151588534372683
1 0.41883623119538155 0.16888055338954286 0.07272209765100204 0.08363066000954503
2 0.13682799406099827 0.6763636000159083 0.11292120031656916 0.12314769334818117
2 0.1168611718785322 0.5269630366804539 0.12077916442319178 0.12480110001590834
2 0.1600271840192331 0.26583518002068085 0.12206887978345575 0.1154442813494538
2 0.22916832594338973 0.11903345269731677 0.099875631037097 0.10425224267981759
2 0.344623492873864 0.2219050087125888 0.08839256175762475 0.08537497334499947
2 0.7518282391129404 0.2594446554344044 0.10116534639736088 0.094895424013363
2 0.859316478688099 0.19587359878258556 0.0738299565847754 0.06802384134309047
2 0.8823772086298394 0.3710826841183582 0.07548338479802083 0.07116702267663592
2 0.7921760382676458 0.921408853437268 0.10617109514371954 0.10588746801399936