2 0.16728612324041708 0.4055510841125637 0.05389128742738745 0.05029998184962743
2 0.3127740975998539 0.309548758584207 0.04564213978475227 0.040879530054229285
2 0.5376584735308673 0.20776004136891077 0.04586046360606986 0.04556703005422928
2 0.6333283844080688 0.11537307435000632 0.05850601282028158 0.04876475292686626
1 0.08491027088305221 0.41444429508134395 0.06875430810555186 0.06756929508134402
1 0.40726465219074914 0.2421481560266831 0.08815927956950453 0.08174087939029935
1 0.5705779813887502 0.1767100292686624 0.06526543507002244 0.05973861436318471
1 0.756892162944116 0.10203325789683593 0.08481595574818712 0.07703519867214012
1 0.6673310109582548 0.25850090563389966 0.0408818651776464 0.039289758976990455
1 0.8995591600486321 0.21377070949584231 0.05261988585581108 0.05654089149054773
1 0.036140977045523985 0.33996192466803504 0.0430265620344933 0.05179884933607006