1 0.18046875 0.11357545678135432 0.0796875 0.08154224715020839
1 0.3203125 0.15042410619201413 0.0703125 0.07351154160312508
1 0.3890625 0.19421178020395866 0.0578125 0.07009560087368061
1 0.52734375 0.24743031202343793 0.0609375 0.06860583605604172
1 0.571875 0.2633105383720838 0.04375 0.049455792553055565
1 0.60703125 0.2735038091736463 0.034375 0.0398625870059723
1 0.61171875 0.32595666194718803 0.065625 0.07027743882958344
1 0.634375 0.4296089920193061 0.0984375 0.09760365824437507
1 0.73359375 0.5053558340592714 0.1078125 0.11500936379145835
1 0.84140625 0.5070839478507299 0.09375 0.10530705547083344
1 0.91953125 0.3878085774097577 0.071875 0.07667290919430565
1 0.90625 0.678905702884723 0.153125 0.15200152393569458
2 0.7796875 0.34861617799909783 0.0734375 0.07670927678548622