1 0.06084048858712264 0.41879490599140945 0.05979315651766241 0.07256589067472685
1 0.05374158177487263 0.29622956265913675 0.047284066158582806 0.0708579400063634
1 0.21344331382089177 0.37249097597072867 0.08329428903121974 0.08377611067790855
1 0.40122004889197294 0.45701887527850255 0.08962610226293624 0.09791133601209037
1 0.31142175068737105 0.4502518019573656 0.06130111436318471 0.06320907200827239
1 0.37035989257070223 0.6589268206158659 0.12104881908544911 0.12796246268299924
1 0.7394997362494315 0.8561803445655956 0.24063513212077403 0.27309424403245297
1 0.6572013624182771 0.6344967959102769 0.06131929508134384 0.06633407200827239
1 0.587366106269957 0.5532837059198219 0.050354524004105096 0.06151930267345414
1 0.6673263170423456 0.5054814579090042 0.040870439695149585 0.0426602146721816
1 0.790480453268336 0.9555803605585957 0.09572156615858277 0.071421561346272
1 0.1548091780858806 0.24583811664545552 0.029878397540671963 0.03315794533736342
1 0.3131938498270494 0.2799302112905929 0.02832498789975162 0.03470226400381797
1 0.2685626058771736 0.29763587929663804 0.03774543969514967 0.04262385200509069