1 0.13125 0.6077948401626878 0.0328125 0.034565897540672096
1 0.13828125 0.7500232467785463 0.0421875 0.04399543969514959
1 0.1078125 0.8021897347764936 0.03125 0.03768180718159257
1 0.209375 0.7293431081166688 0.0421875 0.04555793969514958
1 0.28828125 0.5641771712501894 0.0296875 0.032985216822512695
1 0.43671875 0.825978255362753 0.0390625 0.04553975897699018
1 0.434375 0.7486208698241337 0.04375 0.048692030054229285
1 0.421875 0.5860481469514968 0.034375 0.04082498789975162
1 0.61953125 0.9774993278660478 0.0578125 0.045001344267904385
1 0.6609375 0.8600952218906783 0.0515625 0.05342498184962707
1 0.62109375 0.864550917734148 0.0453125 0.04557612041330898
1 0.56484375 0.7743799148072819 0.053125 0.053434072208706954
1 0.3390625 0.4738476079202771 0.0375 0.040843168617910666
1 0.3078125 0.3681970507386847 0.0453125 0.04713862041330889
1 0.2015625 0.2855476563212707 0.0328125 0.03300339754067192
1 0.0984375 0.24822894262201595 0.03125 0.032994307181592394
1 0.115625 0.2006726865718917 0.0328125 0.03300339754067201
1 0.62734375 0.6723997791704666 0.0484375 0.05184430113146821
1 0.58125 0.6291628635776177 0.0390625 0.04085225897699054
1 0.48203125 0.5059293757760621 0.0484375 0.05340680113146821
1 0.70234375 0.5181486164062882 0.046875 0.04714771077238851
1 0.82890625 0.49857243549173724 0.0515625 0.051862481849627426
1 0.88359375 0.8035780980595237 0.05625 0.05657725292686635
1 0.86953125 0.16912128482780725 0.0375 0.04396816861791084
1 0.76171875 0.11927530005131363 0.0390625 0.04085225897699045
1 0.77734375 0.07249120364210981 0.0390625 0.03772725897699045
1 0.6734375 0.06329294476331523 0.046875 0.042460210772388526
1 0.7359375 0.013656559126499948 0.046875 0.019022710772388533
1 0.6140625 0.3559162611182898 0.0421875 0.040870439695149675
1 0.53828125 0.37813162870292827 0.0390625 0.04553975897699045
1 0.47734375 0.38949585469882325 0.0359375 0.03927157825883114
1 0.41875 0.36181121623333756 0.0421875 0.04243293969514968
1 0.55234375 0.4930571919346448 0.0328125 0.034565897540672096
1 0.40546875 0.22345269818116079 0.034375 0.03769998789975162
1 0.34140625 0.03792374345889647 0.03125 0.03143180718159235
1 0.23125 0.10134537314378342 0.0265625 0.02671703610435352
1 0.32265625 0.10656465914994107 0.0328125 0.034565897540671964
1 0.10859375 0.15766302995603343 0.021875 0.01887726502711464
1 0.271875 0.24298797247985346 0.034375 0.036137487899751616
1 0.5359375 0.3273367431643089 0.0375 0.04084316861791084
1 0.50390625 0.2646503908031767 0.0328125 0.03612839754067201
1 0.578125 0.22211343285945856 0.0359375 0.03770907825883123
1 0.67265625 0.3054758995837754 0.0265625 0.026717036104353477
1 0.75 0.2934258723582165 0.040625 0.04398634933607006
1 0.77890625 0.37328154400118946 0.053125 0.05655907220870704
1 0.7359375 0.34412530912649997 0.0453125 0.04557612041330898
1 0.82734375 0.11028209513265759 0.040625 0.04242384933607006
1 0.15625 0.4399715359079618 0.040625 0.04242384933607006
2 0.0828125 0.5004817890312198 0.0359375 0.03927157825883114
1 0.4859375 0.09423335167376112 0.03125 0.03143180718159235
1 0.58125 0.06041286357761779 0.034375 0.036137487899751596
2 0.49140625 0.05442141793053977 0.0265625 0.026717036104353498
2 0.2609375 0.8601118399662961 0.0453125 0.04713862041330898
2 0.35546875 0.911443056690613 0.046875 0.048710210772388504
2 0.3484375 0.6129646500747548 0.0453125 0.04713862041330898