1 0.15486493459582143 0.5265578029821361 0.1155170066836356 0.12831887978345585
1 0.03754381130650124 0.4456905847188784 0.07508762261300247 0.10075616943775678
1 0.209581348623502 0.32417460055399594 0.074419292011454 0.08651181301126601
1 0.2833097499602291 0.301311413565262 0.07418293467536322 0.0661993130112661
1 0.5130966999522749 0.36661111929210743 0.07603633601209037 0.09124477711788863
1 0.6613154766072754 0.4568904414745735 0.12480110001590834 0.12077916442319178
1 0.831055264600594 0.5110647790964457 0.09198860001590817 0.11982441818411545
1 0.772963143300456 0.26476042893816115 0.08072383601209036 0.09138116943775679
1 0.36981032395768376 0.3225846714828208 0.04752952800763603 0.05761392319868044
1 0.4308200019494114 0.3853180036944167 0.06791475334181776 0.06445495658477522
2 0.3910826032384135 0.710834829242095 0.21368288136536223 0.24207515439406196
0 0.08044837929663805 0.27274482970431346 0.07603633601209034 0.09124477711788873
1 0.04423815929345638 0.2951366552519918 0.049219297342454116 0.06859688730530315
2 0.3814210806413193 0.19788018817586822 0.053724984006999675 0.05310827962517113