2 0.21133113538349768 0.36471254416857624 0.14386018268618095 0.14705945079743063
2 0.36187657538986107 0.40809625541524275 0.1849760786919079 0.19019250816812522
2 0.4713810340944956 0.6853107592149649 0.20234539202736243 0.20621755167111128
2 0.6022486787475871 0.5822376977602077 0.15176358935390813 0.15505378875333342
2 0.6857862427195884 0.3739874802452772 0.16757040268936266 0.171042464665139
2 0.4847488120225899 0.15516866432520793 0.1770544906906352 0.18063567021222235
2 0.34095390603118036 0.22181391650940943 0.14702154535327178 0.1502571859797918
2 0.3736834953453176 0.07960757950343719 0.14069882001909004 0.14386171561506955
2 0.941299898710998 0.6984919452916658 0.1174002025780041 0.13728440729444458
2 0.9013930613860431 0.3674062526623604 0.13279541335136286 0.1358673776591667
1 0.42850154873486057 0.4925063165856594 0.25610673870145284 0.26214154977125015
1 0.6991531401177219 0.8511493922893745 0.26559082670272555 0.27173475531833374