1 0.19140625 0.3911902414785834 0.059375 0.061973894480112965
1 0.4734375 0.855017367698047 0.2078125 0.21768988068039546
1 0.56328125 0.6393866392084024 0.13125 0.14135347727182862
1 0.71328125 0.4781746294691698 0.1390625 0.14617734496658025
1 0.5546875 0.0957866436726293 0.0609375 0.06200116801906326
1 0.390625 0.15724411526241502 0.0578125 0.05725912094116259
1 0.29609375 0.19795666436891057 0.0515625 0.05090002678536125
1 0.19296875 0.23256921793963298 0.05625 0.06035684740221221
1 0.2859375 0.33641519237208783 0.0703125 0.06841480925276536
1 0.4875 0.36961565584749395 0.0734375 0.07628185633066593
2 0.428125 0.5089333003276069 0.0734375 0.07471935633066593
2 0.478125 0.15571679708119596 0.059375 0.06197389448011292
2 0.71875 0.1772979220828436 0.0578125 0.05882162094116259
1 0.39296875 0.9525157049539896 0.1015625 0.08302278003177221