1 0.46372598032383794 0.7786056172099309 0.08279256784239593 0.09088087955902786
1 0.5441084418800842 0.6150535699072226 0.058290534825709096 0.0700228656913195
1 0.5983831840781682 0.623339501802952 0.05335737336031983 0.0652262629177777
1 0.37683241067241974 0.6392508700597225 0.06610303482570909 0.07020470364722228
1 0.4423821675698247 0.6095646764804864 0.07119997060135788 0.07812630642076393
1 0.4634969289897855 0.6997902861878823 0.07416119629109837 0.07507404160312507
2 0.3245218809350933 0.4897768937110767 0.07012879353213633 0.08746493882958326
1 0.3583546483479479 0.5248974293302779 0.0645405348257091 0.07016833605604163
1 0.20688840287050364 0.6423180526210418 0.06963747060135787 0.07808993882958326
1 0.28386698269868715 0.6222614321800697 0.058044873360319826 0.06533536569131951
1 0.06134685153645116 0.5601205356192015 0.0688119549975256 0.09211607123840296
1 0.6471272212787265 0.5409822499030907 0.05335737336031983 0.0652262629177777
1 0.5600975327895441 0.45858601757052125 0.0483423247398008 0.058867160144236055
1 0.7817545267966504 0.5191462303357992 0.05154921189493074 0.0605023953265972
1 0.8388610198992452 0.551687279822709 0.03683161465389233 0.0476750870059723
2 0.4456321568272325 0.9643385229857641 0.07605124491161738 0.07132295402847184