1 0.35353614639978087 0.457855216621593 0.06904540653397531 0.07420111600890866
1 0.4841333289886041 0.475877415937321 0.07097177956950454 0.08203179734245403
1 0.5894565297743923 0.4715251759230036 0.07060790653397539 0.07421929734245403
1 0.738110199542934 0.4408735179026408 0.06108735731976367 0.0709852093411815
1 0.8685960661683225 0.4229400358848235 0.06777400496239885 0.0804329346753633
1 0.9376071236547018 0.24313380987432395 0.07558650496239885 0.08052384134309047
1 0.7787586625298314 0.23951046522918662 0.059233758891340214 0.06471702800763604
1 0.6854453101724666 0.2499763452419133 0.07700345574818712 0.07741702267663593
1 0.6115904332079958 0.25865245858532193 0.07922092721213972 0.09149770401018138
1 0.49520129983338423 0.24359162726768485 0.07544095574818713 0.07739884134309047
1 0.4326841832079958 0.2607342212762754 0.07446065260503384 0.08988066000954502
1 0.30997227522627846 0.24418361529282 0.0772945541766104 0.08366702267663584
1 0.23724540467194846 0.2770784786362287 0.06726458271265781 0.0694954346753632
1 0.12013067927905434 0.28000457865213707 0.06933650496239871 0.08045111600890867
1 0.03733744995721876 0.2981647799968183 0.049931533498446014 0.0661704400063634
1 0.03358967348808608 0.5030068213319546 0.023077935070022582 0.0596113573360908
1 0.12085207898860409 0.4801045759866369 0.08034677956950458 0.08214088534372692
1 0.27010721629215706 0.479149508633047 0.051421258891340214 0.06462612133990878
1 0.4715542080199894 0.6589353639401846 0.09499147642635145 0.09480451734563573
1 0.6175751834128835 0.6556729092536855 0.09499147642635145 0.09480451734563573
1 0.7359591563245783 0.6128666965706863 0.09797092721213971 0.09171588001272682
1 0.8865820485905299 0.6916264012174145 0.09982452564056317 0.09798406134627217
1 0.9841696004953381 0.4331860978676424 0.03166079900932388 0.10214430267345413
1 0.8290582613725395 0.09431559655477788 0.06130568114108144 0.07567270934118145
1 0.710053550247669 0.09022862790423167 0.07387845574818712 0.07738066000954502
1 0.6235188908182095 0.12875587324954932 0.07402400496239885 0.08050566000954502
1 0.49461264081820955 0.1302558332670485 0.06377570967712849 0.06164657200827235
1 0.541408404052776 0.030593829965001613 0.05156680810555194 0.061187659930003226
1 0.6409717564101408 0.0206461179583201 0.053818512820281585 0.0412922359166402
1 0.712228172249741 0.006955787953547591 0.055706344499482086 0.013911575907095183
1 0.9112350605867512 0.09648607654364202 0.04873290653397504 0.07396475867281789
1 0.3980094685684686 0.12043648528009336 0.05476458271265772 0.06934998400699968
1 0.40801586124870504 0.04996944394495707 0.0577440334984459 0.06626134667409057
1 0.48811858416039977 0.010563140634956005 0.041862168320799496 0.02112628126991201
1 0.34787888192686944 0.06786601595322943 0.049203787427387444 0.05054544000636334
1 0.27912888192686947 0.068665994629229 0.05312930810555185 0.06776930267345423
1 0.19373719148016338 0.08138471797422846 0.0557448858558109 0.05686816534054513
1 0.2562800409420441 0.182274508633047 0.05788958271265772 0.06938634667409053
1 0.1336066743166556 0.20011708398313713 0.057816808105551856 0.06782384667409058
1 0.08387419396136273 0.12252843332272775 0.05134848428423431 0.06306362133990877
1 0.015796282050703946 0.1209755713319546 0.02242296360606987 0.0455488573360908
1 0.033170026674020456 0.19190568933004562 0.05120293507002258 0.05993862133990877
1 0.1638872572342011 0.6656420866486371 0.09142982878371626 0.085393154678545
1 0.23496173655603672 0.6476182453055467 0.06799232878371626 0.0851204346753633
1 0.2898675603773542 0.6516693986314561 0.0647945541766104 0.0835215720082724
1 0.6403920609965268 0.8938177992520947 0.1060017510334573 0.09649428668045382
1 0.4505119236929739 0.8952455812778662 0.10622007485477489 0.10118178668045416
1 0.329345399085868 0.8950921346276381 0.10614730024766902 0.09961928668045417
1 0.20736339122798514 0.9277784599777282 0.10302230024766904 0.09958292401336308