1 0.11374353125288339 0.42602794220506535 0.2163182954530476 0.2274087114824372
1 0.3451263502481766 0.6965791586304185 0.19228077759614007 0.19207870653952136
1 0.5311381680256538 0.9106350469577007 0.2065614659077429 0.17872990608459852
1 0.688333059259356 0.9208694817855733 0.14475121266133187 0.1526686966536893
1 0.40345922727841915 0.8482809214819997 0.11777960957707681 0.12814885771838505
1 0.6454008599874091 0.55870772140545 0.10199096834337489 0.11813718775644108
1 0.7284042747600615 0.5511445722037529 0.09722164772652384 0.11325868676785796
1 0.5468696769508122 0.42569495015091174 0.06071140340856651 0.0789818458553869
1 0.6115867418856205 0.3908052969948818 0.07967959172016936 0.09224584980971953
1 0.4875668149381035 0.46393243779362214 0.07937958279171564 0.07505834980971962
1 0.6387277146932222 0.2691677189339921 0.04621252678536116 0.05340884288963732
1 0.6873191732973642 0.3071107293141154 0.041497753246410876 0.05165534190105418
1 0.776354399758414 0.31230224809719576 0.062110262174864414 0.06967051285158128
1 0.7640413603911511 0.25629232862954343 0.04939207386326192 0.05666117688202608
1 0.8598487382321724 0.2766140988954985 0.04928297970746058 0.05041117688202608
1 0.6963317090111792 0.2386790642950874 0.04130683847375849 0.04071784190105419