1 0.3464054266129426 0.7070667130265843 0.08645565046753827 0.09356629353213641
1 0.48005774306611304 0.5758056676854257 0.06444429508134383 0.06898237336031983
1 0.527073643631847 0.5975678030315331 0.0597386143631848 0.06561171189493056
1 0.3166219569617595 0.5578003753964847 0.06758747579950324 0.07227114767057934
1 0.38767025516636144 0.546262009838081 0.07544542759490121 0.08049308344622812
1 0.37489806527482 0.6344580506566839 0.07543633723582169 0.07893058344622794
2 0.3219992824901162 0.40747282677596575 0.07703519867214012 0.08526247060135787
1 0.3409901770057261 0.4478964309144088 0.06758747579950324 0.07227114767057934
1 0.15853674618937097 0.5191959780645897 0.07387383723582168 0.07884869629109836
1 0.23747026726660986 0.5197481767305372 0.06130111436318471 0.06569359905006031
1 0.04768962889932003 0.40621902250123726 0.0880181504675382 0.09364818068726599
1 0.6017236648072817 0.5334809695853051 0.0597386143631848 0.06561171189493056
1 0.5519231318261862 0.4360604149718922 0.05344316256778665 0.057471663274411534
1 0.733868544295777 0.5460927549768411 0.056586343285945875 0.06076043758467105
1 0.7755429598886258 0.5900164953659026 0.040879530054229285 0.04587906603337348
2 0.2575616161117006 0.883650224446545 0.08645565046753827 0.09356629353213605
2 0.02317998740877227 0.3574882734057484 0.042669289031219734 0.08502345318850324