1 0.3121109900413536 0.6170781680911505 0.20410918927901225 0.21588114718563745
1 0.17648284513361628 0.4288816761248325 0.1657145472138723 0.17160052616718496
1 0.7199689926721896 0.6400492913875031 0.16920356826055977 0.1780325366905286
1 0.5565883031108287 0.5380332231269433 0.1658965577372161 0.17472552616718495
0 0.08287008205002384 0.5018193762095372 0.08947129465362354 0.09241428413027997
2 0.839102484426746 0.2769871202419937 0.11114887357870132 0.11703485253201391
1 0.692128044865385 0.1759266072289884 0.0730272472985769 0.07744173151356137
2 0.7463983159120724 0.17281628875666716 0.09617632096198285 0.10059080517696724
2 0.2852424660814816 0.3246862707643387 0.0993923262236546 0.10233531570031093
2 0.4825556237904628 0.14020339690328876 0.10784186305535748 0.11372784200867017
2 0.6545586973832815 0.05380170727134068 0.10025760523343692 0.03698333148532651
1 0.4701550633518237 0.23198137322576545 0.09773882096198286 0.10068181043863911
2 0.45510837407281146 0.4364868627024217 0.09792083148532651 0.10380681043863901